日期,多單未平倉口數,空單未平倉口數,未沖銷契約數,小台三大法人未平倉量,散戶多單,散戶空單,多空比
2018-06-05,21832,10568,53166,32400,31334,42598,-0.21186472557649624
2018-06-06,29101,11946,61543,41047,32442,49597,-0.2787481923208163
2018-06-07,28689,14657,59488,43346,30799,44831,-0.23587950511027433
2018-06-08,27850,17594,58457,45444,30607,40863,-0.17544519903518827
2018-06-11,27792,20402,59918,48194,32126,39516,-0.12333522480723656
2018-06-12,28289,21495,60310,49784,32021,38815,-0.11265130160835682
2018-06-13,27968,21958,61602,49926,33634,39644,-0.09756176747508198
2018-06-14,23315,27135,59709,50450,36394,32574,0.06397695489792159
2018-06-15,24242,26787,59954,51029,35712,33167,0.042449211061814054
2018-06-19,21959,31152,59016,53111,37057,27864,0.15577131625321947
2018-06-20,12775,12859,40061,25634,27286,27202,0.0020968023763760267
2018-06-21,11943,15017,37979,26960,26036,22962,0.08093946654730245
2018-06-22,10856,19470,40605,30326,29749,21135,0.2121413619012437
2018-06-25,9673,18922,41376,28595,31703,22454,0.22353538283062646
2018-06-26,8884,20044,42877,28928,33993,22833,0.260279403876204
2018-06-27,8462,21569,44292,30031,35830,22723,0.29592251422378757
2018-06-28,9177,25370,47203,34547,38026,21833,0.3430502298582717
2018-06-29,11918,21418,46774,33336,34856,25356,0.20310428870740155
2018-07-02,11610,19706,43744,31316,32134,24038,0.1850768105340161
2018-07-03,11300,20032,42761,31332,31461,22729,0.20420476602511634
2018-07-04,11817,21095,44533,32912,32716,23438,0.20833988278355378
2018-07-05,12157,27867,51125,40024,38968,23258,0.30728606356968213
2018-07-06,12276,27045,49131,39321,36855,22086,0.3006045063198388
2018-07-09,15503,25005,50403,40508,34900,25398,0.1885205245719501
2018-07-10,17149,22293,48285,39442,31136,25992,0.10653412032722377
2018-07-11,15825,23049,47234,38874,31409,24185,0.15294067832493544
2018-07-12,20464,20331,51975,40795,31511,31644,-0.0025589225589225588
2018-07-13,24620,19463,54768,44083,30148,35305,-0.09416082383873794
2018-07-16,25976,19852,54069,45828,28093,34217,-0.11326268286818694
2018-07-17,24652,23317,53223,47969,28571,29906,-0.02508314074742123
2018-07-18,14058,12668,43452,26726,29394,30784,-0.03198932155021633
2018-07-19,18100,13790,41144,31890,23044,27354,-0.10475403461014972
2018-07-20,26812,14412,48090,41224,21278,33678,-0.2578498648367644
2018-07-23,25055,13144,47761,38199,22706,34617,-0.24938757563702602
2018-07-24,23998,13678,50766,37676,26768,37088,-0.2032856636331403
2018-07-25,23642,13257,50520,36899,26878,37263,-0.20556215360253366
2018-07-26,28665,13808,54680,42473,26015,40872,-0.27170811997073885
2018-07-27,33969,16504,64072,50473,30103,47568,-0.2725839680359595
2018-07-30,33007,15380,59383,48387,26376,44003,-0.29683579475607497
2018-07-31,34237,15535,61627,49772,27390,46092,-0.3034708812695734
2018-08-01,34441,15054,63678,49495,29237,48624,-0.30445365746411635
2018-08-02,21590,18212,58167,39802,36577,39955,-0.05807416576409304
2018-08-03,23589,18308,61276,41897,37687,42968,-0.0861838240094001
2018-08-06,24686,18416,60874,43102,36188,42458,-0.1029996385977593
2018-08-07,24665,18937,60972,43602,36307,42035,-0.09394476152988257
2018-08-08,28428,20412,67107,48840,38679,46695,-0.1194510259734454
2018-08-09,29049,19682,63620,48731,34571,43938,-0.1472335743476894
2018-08-10,26689,20006,61738,46695,35049,41732,-0.1082477566490654
2018-08-13,20285,28795,62228,49080,41943,33433,0.13675515844957253
2018-08-14,21133,26813,57138,47946,36005,30325,0.09940844971822604
2018-08-15,14193,20613,56040,34806,41847,35427,0.1145610278372591
2018-08-16,14746,15050,44206,29796,29460,29156,0.006876894539202823
2018-08-17,16298,18340,48967,34638,32669,30627,0.04170155410786856
2018-08-20,15332,17704,48505,33036,33173,30801,0.0489021750335017
2018-08-21,14962,14233,48132,29195,33170,33899,-0.015145848915482424
2018-08-22,17253,12780,46856,30033,29603,34076,-0.09546269421205396
2018-08-23,19426,10349,47404,29775,27978,37055,-0.19148173149945152
2018-08-24,16735,11921,44974,28656,28239,33053,-0.1070396228932272
2018-08-27,19250,12490,50080,31740,30830,37590,-0.13498402555910544
2018-08-28,21013,12819,52021,33832,31008,39202,-0.15751331193171988
2018-08-29,26019,11923,59579,37942,33560,47656,-0.2365934305711744
2018-08-30,29035,12118,58601,41153,29566,46483,-0.288681080527636
2018-08-31,26512,13193,55986,39705,29474,42793,-0.23789876040438682
2018-09-03,25001,15896,54999,40897,29998,39103,-0.1655484645175367
2018-09-04,25430,15769,56890,41199,31460,41121,-0.1698189488486553
2018-09-05,25754,18023,57222,43777,31468,39199,-0.13510537905001574
2018-09-06,25853,16374,54334,42227,28481,37960,-0.17445798211064895
2018-09-07,27255,19689,55761,46944,28506,36072,-0.13568623231290686
2018-09-10,21450,20696,58751,42146,37301,38055,-0.012833824105121615
2018-09-11,19694,23402,57840,43096,38146,34438,0.06410788381742738
2018-09-12,20217,28052,62394,48269,42177,34342,0.12557297176010515
2018-09-13,18360,27299,61773,45659,43413,34474,0.1447072345523125
2018-09-14,22290,20789,56815,43079,34525,36026,-0.02641907946845023
2018-09-17,22526,26632,59384,49158,36858,32752,0.06914320355651354
2018-09-18,21900,25557,58866,47457,36966,33309,0.06212414636632351
2018-09-19,14052,14539,50486,28591,36434,35947,0.009646238561185278
2018-09-20,9449,14679,43158,24128,33709,28479,0.12118263126187497
2018-09-21,18143,14985,47419,33128,29276,32434,-0.06659777726227883
2018-09-25,17448,14788,49799,32236,32351,35011,-0.0534147272033575
2018-09-26,17048,14517,48613,31565,31565,34096,-0.052064262645794335
2018-09-27,19075,14640,53101,33715,34026,38461,-0.08352008436752603
2018-09-28,15333,14172,48541,29505,33208,34369,-0.023917925053047937
2018-10-01,18069,13412,53588,31481,35519,40176,-0.08690378442934986
2018-10-02,12471,15263,49328,27734,36857,34065,0.05660071359065845
2018-10-03,12698,15934,48656,28632,35958,32722,0.06650772772114436
2018-10-04,11853,24718,59666,36571,47813,34948,0.21561693426742198
2018-10-05,13095,31120,63437,44215,50342,32317,0.2841401705629207
2018-10-08,13112,33679,66012,46791,52900,32333,0.3115645640186633
2018-10-09,14434,36660,68453,51094,54019,31793,0.32468993323886464
2018-10-11,17949,28840,57765,46789,39816,28925,0.1885397732190773
2018-10-12,19109,27284,50269,46393,31160,22985,0.16262507708528118
2018-10-15,18712,28468,50025,47180,31313,21557,0.1950224887556222
2018-10-16,16629,26534,47490,43163,30861,20956,0.20857022531059172
2018-10-17,10794,16972,42855,27766,32061,25883,0.14416054136040135
2018-10-18,10100,19826,38107,29926,28007,18281,0.25522869813944943
2018-10-19,9546,17647,38100,27193,28554,20453,0.2126246719160105
2018-10-22,8941,21487,39944,30428,31003,18457,0.3140897256158622
2018-10-23,7943,23289,42185,31232,34242,18896,0.3637785942870689
2018-10-24,9014,22222,40584,31236,31570,18362,0.32544845259215455
2018-10-25,8783,20349,38551,29132,29768,18202,0.30001815776503854
2018-10-26,9171,18462,38137,27633,28966,19675,0.24362167973359206
2018-10-29,10094,16927,38061,27021,27967,21134,0.17952760043088725
2018-10-30,10821,16748,38590,27569,27769,21842,0.15358901269759004
2018-10-31,12856,16894,43366,29750,30510,26472,0.09311442143614813
2018-11-01,12813,16589,43697,29402,30884,27108,0.08641325491452502
2018-11-02,17066,15708,44954,32774,27888,29246,-0.03020865773902211
2018-11-05,12967,15714,41107,28681,28140,25393,0.06682560147906683
2018-11-06,12111,15663,41231,27774,29120,25568,0.08614877155538309
2018-11-07,15942,17537,46107,33479,30165,28570,0.03459344568069924
2018-11-08,19263,15778,46095,35041,26832,30317,-0.0756047293632715
2018-11-09,14418,15961,42788,30379,28370,26827,0.036061512573618774
2018-11-12,16440,17290,44905,33730,28465,27615,0.018928849794009574
2018-11-13,15822,16789,44796,32611,28974,28007,0.02158674881685865
2018-11-14,18333,16372,46437,34705,28104,30065,-0.04222925684260396
2018-11-15,20888,16491,47314,37379,26426,30823,-0.0929323244705584
2018-11-16,16218,15170,43544,31388,27326,28374,-0.02406760977402168
2018-11-19,18570,16133,43644,34703,25074,27511,-0.05583814499129319
2018-11-20,12929,17158,43929,30087,31000,26771,0.09626897948963099
2018-11-21,11666,7337,37527,19003,25861,30190,-0.11535694300103926
2018-11-22,9907,7404,32306,17311,22399,24902,-0.07747786788831795
2018-11-23,9545,9136,33623,18681,24078,24487,-0.01216429229991375
2018-11-26,12843,8330,35417,21173,22574,27087,-0.1274246830618065
2018-11-27,11530,9478,34726,21008,23196,25248,-0.05909117088060819
2018-11-28,16507,7975,42616,24482,26109,34641,-0.20020649521306552
2018-11-29,16765,7896,41131,24661,24366,33235,-0.21562811504704482
2018-11-30,14299,8022,40107,22321,25808,32085,-0.1565063455257187
2018-12-03,20047,9053,46215,29100,26168,37162,-0.23788813155901764
2018-12-04,14086,8180,39716,22266,25630,31536,-0.14870581125994561
2018-12-05,9843,10984,40366,20827,30523,29382,0.028266362780557896
2018-12-06,9777,14798,44128,24575,34351,29330,0.11378263234227701
2018-12-07,13065,12466,42952,25531,29887,30486,-0.013945799962749115
2018-12-10,11914,13813,42277,25727,30363,28464,0.04491804054213875
2018-12-11,12935,14259,43642,27194,30707,29383,0.030337748040878052
2018-12-12,11221,11175,40796,22396,29575,29621,-0.0011275615256397687
2018-12-13,14400,10494,41268,24894,26868,30774,-0.09464960744402443
2018-12-14,14387,15228,41350,29615,26963,26122,0.02033857315598549
2018-12-17,17831,16511,44530,34342,26699,28019,-0.0296429373456097
2018-12-18,14169,16987,42169,31156,28000,25182,0.0668263416253646
2018-12-19,9719,8998,38799,18717,29080,29801,-0.018582953168896105
2018-12-20,9141,14734,35151,23875,26010,20417,0.15911353873289522
2018-12-21,10106,16572,36883,26678,26777,20311,0.17531111894368678
2018-12-22,10222,22270,40819,32492,30597,18549,0.29515666723829587
2018-12-24,10266,16081,41706,26347,31440,25625,0.1394283796096485
2018-12-25,10496,17210,44296,27706,33800,27086,0.15157124796821383
2018-12-26,10638,18107,45693,28745,35055,27586,0.1634604862889283
2018-12-27,13348,12288,44368,25636,31020,32080,-0.023891092679408584
2018-12-28,16008,12277,44170,28285,28162,31893,-0.08446909667194928
2019-01-02,9703,15170,44943,24873,35240,29773,0.12164296998420221
2019-01-03,11061,16433,44993,27494,33932,28560,0.11939635054341786
2019-01-04,11829,17202,47264,29031,35435,30062,0.11368060257278267
2019-01-07,13521,13214,43872,26735,30351,30658,-0.00699762946754194
2019-01-08,15874,12498,43415,28372,27541,30917,-0.07776114246228262
2019-01-09,23038,11567,50685,34605,27647,39118,-0.2263194238926704
2019-01-10,23700,11873,49207,35573,25507,37334,-0.24035198244152256
2019-01-11,27241,12078,52450,39319,25209,40372,-0.28909437559580553
2019-01-14,24472,13951,49461,38423,24989,35510,-0.2127130466428095
2019-01-15,21775,10196,49701,31971,27926,39505,-0.23297317961409228
2019-01-16,13621,5915,43002,19536,29381,37087,-0.17920096739686525
2019-01-17,17469,5566,39034,23035,21565,33468,-0.3049392837013885
2019-01-18,17210,5235,41212,22445,24002,35977,-0.2905707075609046
2019-01-21,15073,5536,44680,20609,29607,39144,-0.2134512085944494
2019-01-22,15134,6197,44918,21331,29784,38721,-0.19896255398726567
2019-01-23,13918,9780,45451,23698,31533,35671,-0.09104310136190623
2019-01-24,14823,7748,44471,22571,29648,36723,-0.1590924422657462
2019-01-25,19878,2939,50211,22817,30333,47272,-0.3373563561769333
2019-01-28,18060,4019,48668,22079,30608,44649,-0.2885057943617983
2019-01-29,14223,6341,43302,20564,29079,36961,-0.18202392499191722
2019-01-30,12390,8640,41085,21030,28695,32445,-0.09127418765972983
2019-02-11,15823,7830,43906,23653,28083,36076,-0.18204801166127638
2019-02-12,20227,7023,51715,27250,31488,44692,-0.25532244029778595
2019-02-13,17963,7957,49872,25920,31909,41915,-0.20063362207250562
2019-02-14,17730,9370,52143,27100,34413,42773,-0.16032832786759488
2019-02-15,19911,9738,51360,29649,31449,41622,-0.19807242990654206
2019-02-18,21580,10369,59069,31949,37489,48700,-0.1897949855254025
2019-02-19,24394,5851,55574,30245,31180,49723,-0.3336632238096952
2019-02-20,22785,1548,57347,24333,34562,55799,-0.37032451566777685
2019-02-21,22961,2892,48005,25853,25044,45113,-0.4180606186855536
2019-02-22,21995,5112,47799,27107,25804,42687,-0.35320822611351704
2019-02-25,21055,4841,48464,25896,27409,43623,-0.33455760977220206
2019-02-26,22980,6403,50282,29383,27302,43879,-0.32968060140805855
2019-02-27,22708,7029,49978,29737,27270,42949,-0.31371803593581177
2019-03-04,19901,10488,49032,30389,29131,38544,-0.1919766682982542
2019-03-05,20637,4747,43578,25384,22941,38831,-0.36463353068061866
2019-03-06,24812,4208,48508,29020,23696,44300,-0.4247546796404717
2019-03-07,22208,5025,45918,27233,23710,40893,-0.37421054923994945
2019-03-08,19364,7533,43106,26897,23742,35573,-0.27446295179325386
2019-03-11,18971,8694,44362,27665,25391,35668,-0.23166223344303682
2019-03-12,23632,7591,48834,31223,25202,41243,-0.3284801572674776
2019-03-13,26580,7183,49146,33763,22566,41963,-0.39468115411223703
2019-03-14,22998,8389,47657,31387,24659,39268,-0.3065446838869421
2019-03-15,28170,9177,53259,37347,25089,44082,-0.3566157832479018
2019-03-18,29542,10119,56557,39661,27015,46438,-0.34342344890994925
2019-03-19,31562,9348,55461,40910,23899,46113,-0.40053370837164853
2019-03-20,23315,3259,52531,26574,29216,49272,-0.3817936075840932
2019-03-21,23872,3842,47642,27714,23770,43800,-0.4204273540153646
2019-03-22,22086,3893,45417,25979,23331,41524,-0.40057687649998897
2019-03-25,18398,9597,43035,27995,24637,33438,-0.20450795863831764
2019-03-26,18191,10021,45030,28212,26839,35009,-0.18143459915611815
2019-03-27,18863,5618,41889,24481,23026,36271,-0.31619279524457494
2019-03-28,19457,4602,41819,24059,22362,37217,-0.35522131088739567
2019-03-29,22080,5463,45329,27543,23249,39866,-0.36658651194599484
2019-04-01,22037,5878,45472,27915,23435,39594,-0.3553615411681914
2019-04-02,23865,4707,46450,28572,22585,41743,-0.41244348762109795
2019-04-03,23870,4945,46327,28815,22457,41382,-0.4085090767802793
2019-04-08,24614,3254,48536,27868,23922,45282,-0.4400857095763969
2019-04-09,28545,3306,53261,31851,24716,49955,-0.4738739415332044
2019-04-10,27006,3685,52030,30691,25024,48345,-0.4482221795118201
2019-04-11,26405,4968,50183,31373,23778,45215,-0.4271765338859773
2019-04-12,25416,5283,48882,30699,23466,43599,-0.4118693997790598
2019-04-15,26304,6062,50607,32366,24303,44545,-0.39998419191021006
2019-04-16,30876,7821,53090,38697,22214,45269,-0.4342625729892635
2019-04-17,22969,1533,48598,24502,25629,47065,-0.4410881106218363
2019-04-18,21474,2772,40028,24246,18554,37256,-0.4672229439392425
2019-04-19,21871,3493,41008,25364,19137,37515,-0.44815645727662895
2019-04-22,21516,3941,41679,25457,20163,37738,-0.42167518414549293
2019-04-23,23077,3835,42574,26912,19497,38739,-0.4519659886315592
2019-04-24,20049,4332,41484,24381,21435,37152,-0.37886896152733585
2019-04-25,24155,4373,45887,28528,21732,41514,-0.43110249090156255
2019-04-26,17438,5900,40596,23338,23158,34696,-0.2842151936151345
2019-04-29,17921,4655,39413,22576,21492,34758,-0.33658945018141223
2019-04-30,20339,4051,40760,24390,20421,36709,-0.3996074582924436
2019-05-02,18747,5134,42817,23881,24070,37683,-0.31793446528248126
2019-05-03,27670,4938,51676,32608,24006,46738,-0.4398947286941714
2019-05-06,17893,7770,39839,25663,21946,32069,-0.25409774341725444
2019-05-07,20836,7136,43379,27972,22543,36243,-0.3158210193872611
2019-05-08,16615,9172,40055,25787,23440,30883,-0.18581949818998877
2019-05-09,16556,14865,43128,31421,26572,28263,-0.039208866629567796
2019-05-10,18262,11249,39702,29511,21440,28453,-0.1766409752657297
2019-05-13,15854,18966,46177,34820,30323,27211,0.06739285791627866
2019-05-14,16350,20596,44153,36946,27803,23557,0.09616560596108985
2019-05-15,9088,5988,42932,15076,33844,36944,-0.07220721140408087
2019-05-16,9485,8715,32013,18200,22528,23298,-0.024052728579014776
2019-05-17,8317,10941,35765,19258,27448,24824,0.0733678176988676
2019-05-20,10834,11158,36050,21992,25216,24892,0.0089875173370319
2019-05-21,12433,11164,38724,23597,26291,27560,-0.03277037496126433
2019-05-22,11603,11911,37853,23514,26250,25942,0.00813673949224632
2019-05-23,11071,14229,43281,25300,32210,29052,0.07296504239735681
2019-05-24,10875,10245,39254,21120,28379,29009,-0.016049319814541194
2019-05-27,11378,11622,40856,23000,29478,29234,0.005972195026434306
2019-05-28,11525,12032,41789,23557,30264,29757,0.01213237933427457
2019-05-29,12871,12897,43304,25768,30433,30407,0.000600406428967301
2019-05-30,13507,12115,43436,25622,29929,31321,-0.03204714982963441
2019-05-31,18794,9188,47680,27982,28886,38492,-0.20146812080536913
2019-06-03,19490,9778,46798,29268,27308,37020,-0.2075302363348861
2019-06-04,16538,14714,47544,31252,31006,32830,-0.03836446239273095
2019-06-05,13787,11566,46057,25353,32270,34491,-0.04822285428925028
2019-06-06,14465,15924,47706,30389,33241,31782,0.03058315515868025
2019-06-10,19007,10552,46966,29559,27959,36414,-0.180023847038283
2019-06-11,19648,10694,48287,30342,28639,37593,-0.1854329322592002
2019-06-12,21383,9786,48033,31169,26650,38247,-0.2414381779193471
2019-06-13,18179,13401,45601,31580,27422,32200,-0.1047784039823688
2019-06-14,18117,13692,45595,31809,27478,31903,-0.0970501151442044
2019-06-17,19254,11832,45980,31086,26726,34148,-0.1614180078294911
2019-06-18,19549,12864,45577,32413,26028,32713,-0.14667485793272922
2019-06-19,11928,7459,41996,19387,30068,34537,-0.10641489665682446
2019-06-20,11492,9963,34773,21455,23281,24810,-0.04397089696028528
2019-06-21,9701,11760,36889,21461,27188,25129,0.05581609693946705
2019-06-24,9919,12044,37886,21963,27967,25842,0.05608932059335903
2019-06-25,7239,15385,38691,22624,31452,23306,0.21053991884417564
2019-06-26,6029,14468,35751,20497,29722,21283,0.23604934127716706
2019-06-27,8673,9767,35114,18440,26441,25347,0.03115566440735889
2019-06-28,6138,11678,32521,17816,26383,20843,0.17035146520709696
2019-07-01,10992,11264,37037,22256,26045,25773,0.007344007344007344
2019-07-02,10482,11674,36362,22156,25880,24688,0.03278147516638249
2019-07-03,10030,13054,35454,23084,25424,22400,0.08529361990184464
2019-07-04,12117,9272,36156,21389,24039,26884,-0.07868680163734926
2019-07-05,12399,9702,36269,22101,23870,26567,-0.07436102456643415
2019-07-08,10803,11146,35923,21949,25120,24777,0.009548200317345433
2019-07-09,9882,12988,37480,22870,27598,24492,0.08287086446104588
2019-07-10,17561,10434,42638,27995,25077,32204,-0.16715136732492142
2019-07-11,19230,9900,43962,29130,24732,34062,-0.21222874300532277
2019-07-12,16756,12106,43273,28862,26517,31167,-0.10745730594134911
2019-07-15,20375,14116,45138,34491,24763,31022,-0.13866365368425718
2019-07-16,19735,12446,44498,32181,24763,32052,-0.16380511483662186
2019-07-17,6761,8134,34876,14895,28115,26742,0.03936804679435715
2019-07-18,9350,6816,30448,16166,21098,23632,-0.0832238570677877
2019-07-19,10021,8168,32162,18189,22141,23994,-0.057614576207947264
2019-07-22,13960,5402,36022,19362,22062,30620,-0.23757703625562157
2019-07-23,11028,5655,35321,16683,24293,29666,-0.15211913592480394
2019-07-24,9772,6529,36353,16301,26581,29824,-0.08920859351360273
2019-07-25,10865,5737,35256,16602,24391,29519,-0.14545041978670298
2019-07-26,8449,10130,36655,18579,28206,26525,0.045860046378393124
2019-07-29,8811,9627,35954,18438,27143,26327,0.02269566668520888
2019-07-30,7213,13681,38481,20894,31268,24800,0.16808295002728618
2019-07-31,7860,13957,39892,21817,32032,25935,0.1528376616865537
2019-08-01,7973,18398,41002,26371,33029,22604,0.2542558899565875
2019-08-02,10689,27427,47889,38116,37200,20462,0.34951659044874606
2019-08-05,8259,20494,45667,28753,37408,25173,0.2679177524251648
2019-08-06,9917,18844,41585,28761,31668,22741,0.21466875075147288
2019-08-07,11748,17599,44193,29347,32445,26594,0.13239653338764057
2019-08-08,15782,17884,44510,33666,28728,26626,0.047225342619636033
2019-08-12,17781,20145,45677,37926,27896,25532,0.0517547124373317
2019-08-13,16269,21873,45919,38142,29650,24046,0.12204098521309262
2019-08-14,16139,19955,46473,36094,30334,26518,0.08211219417726422
2019-08-15,11107,22099,43591,33206,32484,21492,0.2521621435617444
2019-08-16,15769,13341,44867,29110,29098,31526,-0.054115496913098714
2019-08-19,18146,14107,46848,32253,28702,32741,-0.0862149931693989
2019-08-20,20404,13848,47855,34252,27451,34007,-0.13699717897816321
2019-08-21,12792,9608,39390,22400,26598,29782,-0.08083269865448084
2019-08-22,9530,10833,33131,20363,23601,22298,0.03932872536295313
2019-08-23,10519,12217,35026,22736,24507,22809,0.04847827328270428
2019-08-26,9571,21080,40315,30651,30744,19235,0.2854768696514945
2019-08-27,10997,17748,39073,28745,28076,21325,0.17277915696260845
2019-08-28,11327,15217,40928,26544,29601,25711,0.09504495699765442
2019-08-29,14388,15416,41740,29804,27352,26324,0.024628653569717298
2019-08-30,18107,16052,49471,34159,31364,33419,-0.041539487780720016
2019-09-02,18214,16362,49665,34576,31451,33303,-0.03728984194100473
2019-09-03,15071,17576,47613,32647,32542,30037,0.052611681683573816
2019-09-04,24650,17936,57225,42586,32575,39289,-0.11732634338138925
2019-09-05,25114,18756,55856,43870,30742,37100,-0.11382841592666858
2019-09-06,24864,17213,56404,42077,31540,39191,-0.13564640805616623
2019-09-09,25369,18189,57110,43558,31741,38921,-0.12572229031693224
2019-09-10,22959,17867,54252,40826,31293,36385,-0.0938582909385829
2019-09-11,23053,17218,54420,40271,31367,37202,-0.10722160970231533
2019-09-12,23825,18404,54335,42229,30510,35931,-0.09976994570718689
2019-09-16,27746,16457,57078,44203,29332,40621,-0.19778198255019447
2019-09-17,25870,15189,52797,41059,26927,37608,-0.2023031611644601
2019-09-18,15468,3458,46143,18926,30675,42685,-0.26027783195717663
2019-09-19,14092,5086,34686,19178,20594,29600,-0.2596436602663899
2019-09-20,15264,3689,36346,18953,21082,32657,-0.31846695647388984
2019-09-23,14706,5546,38186,20252,23480,32640,-0.2398784894987692
2019-09-24,14292,6476,40262,20768,25970,33786,-0.19412845859619493
2019-09-25,12815,11734,42768,24549,29953,31034,-0.025275907220351664
2019-09-26,12801,11787,42075,24588,29274,30288,-0.02409982174688057
2019-09-27,12937,10800,41126,23737,28189,30326,-0.05196226231580995
2019-10-01,18565,9455,48105,28020,29540,38650,-0.18937740359629976
2019-10-02,15582,11095,46885,26677,31303,35790,-0.09570225018662686
2019-10-03,15568,14506,46950,30074,31382,32444,-0.022619808306709264
2019-10-04,16702,14631,46214,31333,29512,31583,-0.044813260051066776
2019-10-07,19211,14432,49962,33643,30751,35530,-0.09565269604899723
2019-10-08,25230,14653,57181,39883,31951,42528,-0.18497402983508507
2019-10-09,19477,18426,51072,37903,31595,32646,-0.020578790726817044
2019-10-14,24699,16389,52747,41088,28048,36358,-0.15754450490075264
2019-10-15,24201,11986,51731,36187,27530,39745,-0.23612534070479982
2019-10-16,16554,2395,44479,18949,27925,42084,-0.3183299984262236
2019-10-17,20220,2467,41260,22687,21040,38793,-0.4302714493456132
2019-10-18,15448,3605,39749,19053,24301,36144,-0.2979446023799341
2019-10-21,16089,5572,41925,21661,25836,36353,-0.25085271317829455
2019-10-22,19695,4045,45425,23740,25730,41380,-0.34452394056136487
2019-10-23,17063,4901,44438,21964,27375,39537,-0.2736846842792205
2019-10-24,19075,4130,50527,23205,31452,46397,-0.2957824529459497
2019-10-25,16022,6270,48904,22292,32882,42634,-0.19941109111729102
2019-10-28,16137,5898,48397,22035,32260,42499,-0.21156270016736575
2019-10-29,17212,5966,48805,23178,31593,42839,-0.23042721032681077
2019-10-30,17274,5123,50328,22397,33054,45205,-0.24143617866793832
2019-10-31,16796,5474,49988,22270,33192,44514,-0.22649435864607506
2019-11-01,17933,5126,51417,23059,33484,46291,-0.24908104323472782
2019-11-04,23720,6614,57215,30334,33495,50601,-0.298977540854671
2019-11-05,21524,7442,54383,28966,32859,46941,-0.2589412132467867
2019-11-06,20001,6710,53433,26711,33432,46723,-0.24874141448168735
2019-11-07,16838,6954,49731,23792,32893,42777,-0.1987492710784018
2019-11-08,16408,8501,49373,24909,32965,40872,-0.1601482591699917
2019-11-11,13605,10077,48995,23682,35390,38918,-0.07200734768853964
2019-11-12,18053,11221,50944,29274,32891,39723,-0.13410804020100503
2019-11-13,15517,11376,49900,26893,34383,38524,-0.08298597194388778
2019-11-14,16354,12836,50249,29190,33895,37413,-0.07001134350932357
2019-11-15,17240,13285,49782,30525,32542,36497,-0.07944638624402395
2019-11-18,15987,11365,50415,27352,34428,39050,-0.09167906377070316
2019-11-19,15705,12462,51205,28167,35500,38743,-0.06333365882238062
2019-11-20,10003,4473,42142,14476,32139,37669,-0.13122300792558492
2019-11-21,11452,5437,35437,16889,23985,30000,-0.16973784462567373
2019-11-22,10482,6994,37100,17476,26618,30106,-0.09401617250673855
2019-11-25,10848,7859,38171,18707,27323,30312,-0.07830551989730423
2019-11-26,12159,6228,40500,18387,28341,34272,-0.14644444444444443
2019-11-27,14886,5283,42652,20169,27766,37369,-0.2251477070242896
2019-11-28,11924,9759,43264,21683,31340,33505,-0.0500416050295858
2019-11-29,10582,16505,46540,27087,35958,30035,0.12726686721100128
2019-12-02,12262,9107,41444,21369,29182,32337,-0.07612682173535373
2019-12-03,16050,8508,43645,24558,27595,35137,-0.17280329934700425
2019-12-04,15637,10811,44243,26448,28606,33432,-0.10907940239133875
2019-12-05,17953,9901,46752,27854,28799,36851,-0.17222792607802875
2019-12-06,20331,10890,47160,31221,26829,36270,-0.20019083969465648
2019-12-09,18375,11064,49765,29439,31390,38701,-0.14691047925248668
2019-12-10,15603,15510,50385,31113,34782,34875,-0.001845787436737124
2019-12-11,21881,11771,53210,33652,31329,41439,-0.19000187934598758
2019-12-12,26462,13148,56865,39610,30403,43717,-0.23413347401740967
2019-12-13,25322,14808,54603,40130,29281,39795,-0.19255352270021794
2019-12-16,23781,13778,52062,37559,28281,38284,-0.1921362990280819
2019-12-17,20713,12748,51992,33461,31279,39244,-0.15319664563779042
2019-12-18,12960,4646,46727,17606,33767,42081,-0.17792710852397972
2019-12-19,10442,5935,35489,16377,25047,29554,-0.12699709769224266
2019-12-20,9467,6939,35511,16406,26044,28572,-0.07118920897749993
2019-12-23,9957,7051,36260,17008,26303,29209,-0.08014340871483729
2019-12-24,8248,9994,37924,18242,29676,27930,0.046039447315684
2019-12-25,7924,7733,36914,15657,28990,29181,-0.00517418865471095
2019-12-26,7968,10163,38130,18131,30162,27967,0.057566220823498555
2019-12-27,9845,8926,39030,18771,29185,30104,-0.023545990263899565
2019-12-30,9398,10347,38887,19745,29489,28540,0.024404042482063414
2019-12-31,8411,14471,40678,22882,32267,26207,0.14897487585427013
2020-01-02,10752,10615,40003,21367,29251,29388,-0.00342474314426418
2020-01-03,10396,10177,37402,20573,27006,27225,-0.005855301855515748
2020-01-06,8559,15620,40882,24179,32323,25262,0.17271659899222153
2020-01-07,8550,17736,41929,26286,33379,24193,0.21908464308712347
2020-01-08,9830,13648,39613,23478,29783,25965,0.09638250069421654
2020-01-09,14669,14353,43087,29022,28418,28734,-0.007333998653886323
2020-01-10,13488,14201,41237,27689,27749,27036,0.01729029754831826
2020-01-13,15553,13048,43393,28601,27840,30345,-0.05772820501002466
2020-01-14,16224,11603,41571,27827,25347,29968,-0.11115922157273099
2020-01-15,9950,8576,38041,18526,28091,29465,-0.03611892431849846
2020-01-16,10964,11049,33404,22013,22440,22355,0.002544605436474674
2020-01-17,12106,11664,34593,23770,22487,22929,-0.012777151446824501
2020-01-20,10810,9799,31836,20609,21026,22037,-0.03175650207312476
2020-01-30,10783,17838,44092,28621,33309,26254,0.16000635035834165
2020-01-31,14741,13220,40484,27961,25743,27264,-0.037570398181997824
2020-02-03,12468,16705,39848,29173,27380,23143,0.10632905039148766
2020-02-04,15671,10975,40805,26646,25134,29830,-0.11508393579218233
2020-02-05,17269,11399,43159,28668,25890,31760,-0.13600871197201048
2020-02-06,17324,7423,41829,24747,24505,34406,-0.23670180974921706
2020-02-07,14358,10794,39526,25152,25168,28732,-0.09016849668572585
2020-02-10,15242,12816,41607,28058,26365,28791,-0.058307496334751366
2020-02-11,12747,10254,39251,23001,26504,28997,-0.0635143053680161
2020-02-12,15616,5710,43139,21326,27523,37429,-0.2296298013398549
2020-02-13,15730,5838,42546,21568,26816,36708,-0.23250129271846942
2020-02-14,14203,7206,43332,21409,29129,36126,-0.16147419920612943
2020-02-17,14854,12485,43210,27339,28356,30725,-0.05482527192779449
2020-02-18,16381,20037,46343,36418,29962,26306,0.07889001575210927
2020-02-19,12589,5203,44844,17792,32255,39641,-0.1647043082686647
2020-02-20,6061,8170,32738,14231,26677,24568,0.06442055104160303
2020-02-21,6534,9217,33653,15751,27119,24436,0.07972543309660357
2020-02-24,5371,12687,36378,18058,31007,23691,0.20111056132827534
2020-02-25,7925,11590,38736,19515,30811,27146,0.09461482858323007
2020-02-26,5989,9683,40275,15672,34286,30592,0.09171942892613284
2020-02-27,7291,13580,42384,20871,35093,28804,0.14838146470366176
2020-03-02,7393,18480,44285,25873,36892,25805,0.25035565089759515
2020-03-03,9885,15137,42736,25022,32851,27599,0.12289404717334332
2020-03-04,12679,9099,43869,21778,31190,34770,-0.08160660147256604
2020-03-05,16736,9947,48691,26683,31955,38744,-0.13943028485757122
2020-03-06,11938,16213,51494,28151,39556,35281,0.08301938089874548
2020-03-09,14953,18601,50734,33554,35781,32133,0.07190444277998975
2020-03-10,15389,19118,52234,34507,36845,33116,0.07139028219167592
2020-03-11,16823,20485,56477,37308,39654,35992,0.06484055456203411
2020-03-12,21188,21448,52366,42636,31178,30918,0.004965053660772257
2020-03-13,24163,20110,50346,44273,26183,30236,-0.08050291979501847
2020-03-16,27038,16843,53451,43881,26413,36608,-0.190735439935642
2020-03-17,28410,20015,55640,48425,27230,35625,-0.1508806613946801
2020-03-18,7858,16463,39397,24321,31539,22934,0.21841764601365588
2020-03-19,8597,15202,32895,23799,24298,17693,0.2007903936768506
2020-03-20,15615,13464,35559,29079,19944,22095,-0.06049101493292837
2020-03-23,15610,11000,37069,26610,21459,26069,-0.12436267501146511
2020-03-24,17877,10691,38880,28568,21003,28189,-0.18482510288065843
2020-03-25,15603,10609,36143,26212,20540,25534,-0.13817336690368812
2020-03-26,11913,13002,38923,24915,27010,25921,0.027978316162680164
2020-03-27,13200,15308,41584,28508,28384,26276,0.050692574066948826
2020-03-30,14499,16981,44559,31480,30060,27578,0.05570142956529545
2020-03-31,16250,15882,44655,32132,28405,28773,-0.00824095845929907
2020-04-01,14113,12707,42656,26820,28543,29949,-0.032961365341335334
2020-04-06,14494,13007,43304,27501,28810,30297,-0.034338629225937556
2020-04-07,19026,15619,48152,34645,29126,32533,-0.07075510882206347
2020-04-08,14896,14012,48073,28908,33177,34061,-0.018388700517962264
2020-04-09,14252,13818,46209,28070,31957,32391,-0.009392109762167544
2020-04-10,15831,13385,48171,29216,32340,34786,-0.05077743870793631
2020-04-13,13987,11648,42603,25635,28616,30955,-0.054902236931671476
2020-04-14,16265,12069,47675,28334,31410,35606,-0.08801258521237545
2020-04-15,10627,4674,38210,15301,27583,33536,-0.15579691180319288
2020-04-16,11236,5421,33818,16657,22582,28397,-0.1719498491927376
2020-04-17,10882,7310,34113,18192,23231,26803,-0.10471081405915633
2020-04-20,8578,9861,34307,18439,25729,24446,0.037397615646952515
2020-04-21,10961,11944,38031,22905,27070,26087,0.025847335068759695
2020-04-22,9717,11917,38856,21634,29139,26939,0.056619312332715666
2020-04-23,11969,11646,37943,23615,25974,26297,-0.008512769153730596
2020-04-24,11957,10846,38383,22803,26426,27537,-0.028945105906260583
2020-04-27,13399,10860,44190,24259,30791,33330,-0.05745643810816927
2020-04-28,9816,11255,41785,21071,31969,30530,0.03443819552470982
2020-04-29,11470,11413,46096,22883,34626,34683,-0.0012365498090940645
2020-04-30,15158,13097,48577,28255,33419,35480,-0.04242748625892912
2020-05-04,9057,14820,41482,23877,32425,26662,0.13892772768911818
2020-05-05,8002,11148,38143,19150,30141,26995,0.08247909183860734
2020-05-06,8708,9013,38454,17721,29746,29441,0.0079315545846986
2020-05-07,9383,11194,41649,20577,32266,30455,0.04348243655309851
2020-05-08,10505,13124,42732,23629,32227,29608,0.061288963774220724
2020-05-11,11173,14281,44857,25454,33684,30576,0.06928684486256326
2020-05-12,11403,15468,43870,26871,32467,28402,0.09266013220879872
2020-05-13,13972,13078,45839,27050,31867,32761,-0.019503043260106025
2020-05-14,12935,15627,43272,28562,30337,27645,0.062211129598816785
2020-05-15,15649,11465,41504,27114,25855,30039,-0.10080956052428681
2020-05-18,14138,16433,43825,30571,29687,27392,0.052367370222475756
2020-05-19,16393,14078,43072,30471,26679,28994,-0.05374721396731055
2020-05-20,7042,6216,38337,13258,31295,32121,-0.0215457651876777
2020-05-21,12044,7065,35645,19109,23601,28580,-0.1396829849908823
2020-05-22,8426,13728,38713,22154,30287,24985,0.13695657789373078
2020-05-25,8220,9298,35232,17518,27012,25934,0.03059718437783833
2020-05-26,13077,9972,42672,23049,29595,32700,-0.07276434195725534
2020-05-27,12340,9972,40760,22312,28420,30788,-0.058096172718351324
2020-05-28,11912,12123,39923,24035,28011,27800,0.005285173959872755
2020-05-29,15528,11512,41447,27040,25919,29935,-0.09689482954134196
2020-06-01,11687,12673,47338,24360,35651,34665,0.02082893235878153
2020-06-02,11622,13229,47795,24851,36173,34566,0.03362276388743592
2020-06-03,18376,14730,55780,33106,37404,41050,-0.06536392972391539
2020-06-04,13839,14899,50067,28738,36228,35168,0.021171630015778858
2020-06-05,15372,15590,54038,30962,38666,38448,0.004034198156852585
2020-06-08,14098,16522,51901,30620,37803,35379,0.046704302421918656
2020-06-09,15111,15492,51344,30603,36233,35852,0.007420535992521035
2020-06-10,15012,15572,54002,30584,38990,38430,0.010369986296803822
2020-06-11,10079,15898,47040,25977,36961,31142,0.12370323129251701
2020-06-12,6681,18712,45368,25393,38687,26656,0.2651869158878505
2020-06-15,11826,18078,45151,29904,33325,27073,0.13846869393811875
2020-06-16,11808,16525,46077,28333,34269,29552,0.10237211624020662
2020-06-17,9941,6192,38394,16133,28453,32202,-0.09764546543730791
2020-06-18,11902,7460,30935,19362,19033,23475,-0.14359140132535964
2020-06-19,9670,8668,31443,18338,21773,22775,-0.03186718824539643
2020-06-22,9855,10910,33838,20765,23983,22928,0.03117796560080383
2020-06-23,13215,9751,33686,22966,20471,23935,-0.10283203704803183
2020-06-24,12282,9592,35701,21874,23419,26109,-0.07534802946696172
2020-06-29,11959,12417,36754,24376,24795,24337,0.012461228709800294
2020-06-30,13977,9146,39144,23123,25167,29998,-0.1234161046392806
2020-07-01,16665,8714,42451,25379,25786,33737,-0.18729829685990906
2020-07-02,23814,8800,48628,32614,24814,39828,-0.3087521592498149
2020-07-03,18805,8248,44425,27053,25620,36177,-0.23763646595385482
2020-07-06,17286,11968,47618,29254,30332,35650,-0.11168045697005334
2020-07-07,18197,12098,43667,30295,25470,31569,-0.1396706895367211
2020-07-08,17620,10108,46597,27728,28977,36489,-0.16121209519926175
2020-07-09,17285,11538,45011,28823,27726,33473,-0.1276799004687743
2020-07-10,21085,14335,46312,35420,25227,31977,-0.14575056140956988
2020-07-13,22476,16004,49812,38480,27336,33808,-0.1299285312776038
2020-07-14,19699,11279,41459,30978,21760,30180,-0.20309221158252733
2020-07-15,10162,6697,41388,16859,31226,34691,-0.08371991881704842
2020-07-16,11461,10033,33428,21494,21967,23395,-0.04271867895177695
2020-07-17,11593,11633,34246,23226,22653,22613,0.0011680196227296618
2020-07-20,14732,10748,35733,25480,21001,24985,-0.1114935773654605
2020-07-21,14460,10170,41459,24630,26999,31289,-0.10347572300344919
2020-07-22,12841,12898,41977,25739,29136,29079,0.0013578864616337518
2020-07-23,14269,12291,41685,26560,27416,29394,-0.047451121506537124
2020-07-24,15715,14756,41558,30471,25843,26802,-0.023076182684441022
2020-07-27,17051,8681,39552,25732,22501,30871,-0.21162014563106796
2020-07-28,15081,11076,37845,26157,22764,26769,-0.10582639714625446
2020-07-29,15913,14523,41156,30436,25243,26633,-0.033773933326853925
2020-07-30,19502,12546,41226,32048,21724,28680,-0.16872847232329113
2020-07-31,18396,15105,42171,33501,23775,27066,-0.07803941096962368
2020-08-03,18641,18030,50212,36671,31571,32182,-0.012168405958734963
2020-08-04,22786,13092,49651,35878,26865,36559,-0.19524279470705524
2020-08-05,23631,13399,51565,37030,27934,38166,-0.19842916707068747
2020-08-06,25289,12974,49540,38263,24251,36566,-0.24858700040371418
2020-08-07,24736,15900,51373,40636,26637,35473,-0.17199696338543594
2020-08-10,23377,16164,52073,39541,28696,35909,-0.13851708178902694
2020-08-11,22933,21273,53119,44206,30186,31846,-0.03125058830173761
2020-08-12,25983,19818,56906,45801,30923,37088,-0.10833655502056022
2020-08-13,27992,18433,56371,46425,28379,37938,-0.16957300739742065
2020-08-14,28545,17565,55624,46110,27079,38059,-0.19739680713361138
2020-08-17,31131,18188,56681,49319,25550,38493,-0.22834812370988514
2020-08-18,30153,21115,55738,51268,25585,34623,-0.162151494492088
2020-08-19,14045,16984,49613,31029,35568,32629,0.059238506036724245
2020-08-20,16201,22192,47963,38393,31762,25771,0.12490878385422097
2020-08-21,20067,17082,46842,37149,26775,29760,-0.06372486230306136
2020-08-24,21580,18870,48745,40450,27165,29875,-0.0555954456867371
2020-08-25,21212,19439,50377,40651,29165,30938,-0.0351946324711674
2020-08-26,23186,16484,50211,39670,27025,33727,-0.1334767282069666
2020-08-27,23187,17334,48360,40521,25173,31026,-0.12102977667493796
2020-08-28,21497,16153,48384,37650,26887,32231,-0.11044973544973545
2020-08-31,21121,18515,51777,39636,30656,33262,-0.050331228151495835
2020-09-01,21880,18354,51064,40234,29184,32710,-0.06905060316465612
2020-09-02,20931,16817,49530,37748,28599,32713,-0.08306077124974763
2020-09-03,23545,18963,50973,42508,27428,32010,-0.08989072646302945
2020-09-04,23068,20690,51967,43758,28899,31277,-0.045759809109627264
2020-09-07,26080,24582,54490,50662,28410,29908,-0.027491282804184253
2020-09-08,26265,23904,53965,50169,27700,30061,-0.04375057907903271
2020-09-09,22267,22144,54206,44411,31939,32062,-0.002269121499465004
2020-09-10,26721,20793,55597,47514,28876,34804,-0.10662445815421695
2020-09-11,25225,23698,54205,48923,28980,30507,-0.028170832948989945
2020-09-14,31846,25773,61421,57619,29575,35648,-0.09887497761351981
2020-09-15,32150,22192,61256,54342,29106,39064,-0.16256366723259763
2020-09-16,23787,8983,55136,32770,31349,46153,-0.2684997098084736
2020-09-17,21339,19589,47529,40928,26190,27940,-0.036819625912600726
2020-09-18,23040,22722,51229,45762,28189,28507,-0.00620742157762205
2020-09-21,24400,21021,60915,45421,36515,39894,-0.05547073791348601
2020-09-22,25649,24497,65583,50146,39934,41086,-0.017565527651982982
2020-09-23,23948,16087,64473,40035,40525,48386,-0.12192700820498503
2020-09-24,25314,23680,71935,48994,46621,48255,-0.022714950997428235
2020-09-25,27049,19600,66134,46649,39085,46534,-0.11263495327668067
2020-09-28,27919,15913,68787,43832,40868,52874,-0.1745387936674081
2020-09-29,31509,16825,68699,48334,37190,51874,-0.2137440137411025
2020-09-30,34188,15487,67863,49675,33675,52376,-0.27556989817720995
2020-10-05,35185,16922,67415,52107,32230,50493,-0.27090410146109917
2020-10-06,38980,17414,72701,56394,33721,55287,-0.2966396610775643
2020-10-07,33676,13155,64525,46831,30849,51370,-0.31803177063153815
2020-10-08,38668,14112,65498,52780,26830,51386,-0.3749122110598797
2020-10-12,38420,13888,64709,52308,26289,50821,-0.3791126427544855
2020-10-13,41050,14298,65464,55348,24414,51166,-0.4086520835879262
2020-10-14,38932,15744,66372,54676,27440,50628,-0.34936418971855604
2020-10-15,40411,17432,65025,57843,24614,47593,-0.35338715878508264
2020-10-16,34604,21077,62493,55681,27889,41416,-0.21645624309922712
2020-10-19,37449,21645,67084,59094,29635,45439,-0.23558523642001072
2020-10-20,35095,22655,62923,57750,27828,40268,-0.19770195318087186
2020-10-21,21000,14492,53451,35492,32451,38959,-0.12175637499766141
2020-10-22,26760,14083,46326,40843,19566,32243,-0.2736476276820792
2020-10-23,23491,16648,46885,40139,23394,30237,-0.14595286338914365
2020-10-26,27149,17361,49900,44510,22751,32539,-0.19615230460921843
2020-10-27,24135,15107,48510,39242,24375,33403,-0.18610595753452897
2020-10-28,23560,17107,51592,40667,28032,34485,-0.1250775314002171
2020-10-29,23706,21536,56743,45242,33037,35207,-0.0382426026117759
2020-10-30,24889,20636,57691,45525,32802,37055,-0.07372033766098698
2020-11-02,24375,16372,55677,40747,31302,39305,-0.14373978483036084
2020-11-03,25487,17967,59780,43454,34293,41813,-0.12579458012713282
2020-11-04,32536,14033,59763,46569,27227,45730,-0.30960627813195457
2020-11-05,33867,15809,57790,49676,23923,41981,-0.3124762069562208
2020-11-06,29464,17391,58649,46855,29185,41258,-0.20585176217838327
2020-11-09,34319,18814,64041,53133,29722,45227,-0.24211052294623756
2020-11-10,30769,18133,58223,48902,27454,40090,-0.21702763512701168
2020-11-11,31111,15744,65114,46855,34003,49370,-0.23600147433731608
2020-11-12,30113,14921,58722,45034,28609,43801,-0.2587105343823439
2020-11-13,31352,10803,59052,42155,27700,48249,-0.34798144008670323
2020-11-16,31474,13172,64124,44646,32650,50952,-0.28541575697086896
2020-11-17,33349,15901,60317,49250,26968,44416,-0.2892716812838835
2020-11-18,31980,6715,58431,38695,26451,51716,-0.43239034074378324
2020-11-19,29729,9008,48165,38737,18436,39157,-0.4302086577390221
2020-11-20,29649,11139,49222,40788,19573,38083,-0.3760513591483483
2020-11-23,26804,12191,50045,38995,23241,37854,-0.29199720251773403
2020-11-24,28111,15161,52487,43272,24376,37326,-0.24672776115990627
2020-11-25,28217,17129,54523,45346,26306,37394,-0.20336371806393633
2020-11-26,31747,18325,58356,50072,26609,40031,-0.23000205634382068
2020-11-27,33606,18906,59755,52512,26149,40849,-0.24600451845033888
2020-11-30,28581,15440,55813,44021,27232,40373,-0.23544693888520596
2020-12-01,29288,16100,58457,45388,29169,42357,-0.22560172434438988
2020-12-02,33197,15127,62577,48324,29380,47450,-0.2887642424532975
2020-12-03,33787,15920,61091,49707,27304,45171,-0.29246533859324614
2020-12-04,36436,18765,67645,55201,31209,48880,-0.2612314287826151
2020-12-07,33403,20173,62495,53576,29092,42322,-0.2116969357548604
2020-12-08,33778,20994,65111,54772,31333,44117,-0.19634163198230714
2020-12-09,30661,17960,64159,48621,33498,46199,-0.19796131485839866
2020-12-10,32473,17923,61528,50396,29055,43605,-0.23647770120920555
2020-12-11,33627,19182,61816,52809,28189,42634,-0.23367736508347353
2020-12-14,33574,24623,65039,58197,31465,40416,-0.1376251172373499
2020-12-15,37194,23715,66898,60909,29704,43183,-0.20148584412090048
2020-12-16,18781,11200,58106,29981,39325,46906,-0.13046845420438508
2020-12-17,15549,14344,42071,29893,26522,27727,-0.028642057474269688
2020-12-18,15881,17007,44563,32888,28682,27556,0.025267598680519712
2020-12-21,18906,13378,48223,32284,29317,34845,-0.11463409576343239
2020-12-22,15199,20477,48168,35676,32969,27691,0.10957482145822953
2020-12-23,15626,19786,49065,35412,33439,29279,0.08478548863752165
2020-12-24,18088,18145,51434,36233,33346,33289,0.001108216354940312
2020-12-25,18952,18740,51568,37692,32616,32828,-0.004111076636673906
2020-12-28,18030,12817,56055,30847,38025,43238,-0.092997948443493
2020-12-29,17712,12566,52719,30278,35007,40153,-0.09761186668942885
2020-12-30,23973,11065,60143,35038,36170,49078,-0.2146218180004323
2020-12-31,21265,9772,53193,31037,31928,43421,-0.21606226383170718
2021-01-04,19980,10180,55013,30160,35033,44833,-0.17813971243160706
2021-01-05,21935,9809,54911,31744,32976,45102,-0.22083007047768208
2021-01-06,23730,14592,55883,38322,32153,41291,-0.16352021187123097
2021-01-07,24533,11035,57479,35568,32946,46444,-0.23483359139859775
2021-01-08,24569,14062,55300,38631,30731,41238,-0.19
2021-01-11,25498,12502,57382,38000,31884,44880,-0.22648217210972083
2021-01-12,29359,14990,61100,44349,31741,46110,-0.23517184942716857
2021-01-13,30426,15159,66606,45585,36180,51447,-0.22921358436176922
2021-01-14,29230,17290,65634,46520,36404,48344,-0.18191790840113356
2021-01-15,29904,17338,64739,47242,34835,47401,-0.19410247300699732
2021-01-18,30253,19034,63580,49287,33327,44546,-0.17645486001887387
2021-01-19,29051,17283,64729,46334,35678,47446,-0.18180413724914643
2021-01-20,16194,18545,61799,34739,45605,43254,0.038042686774866906
2021-01-21,17381,10560,46249,27941,28868,35689,-0.14748426993016064
2021-01-22,18017,19792,53291,37809,35274,33499,0.03330768797733201
2021-01-25,17609,19498,52875,37107,35266,33377,0.035725768321513
2021-01-26,21417,17431,62636,38848,41219,45205,-0.06363752474615238
2021-01-27,21108,16662,59355,37770,38247,42693,-0.07490523123578469
2021-01-28,24865,19017,63797,43882,38932,44780,-0.09166575230810226
2021-01-29,25968,18655,62112,44623,36144,43457,-0.11773892323544564
2021-02-01,27987,18030,61480,46017,33493,43450,-0.16195510735198437
2021-02-02,29333,18287,65599,47620,36266,47312,-0.16838671321209164
2021-02-03,26642,19176,60912,45818,34270,41736,-0.12257026530076176
2021-02-04,29480,21503,59792,50983,30312,38289,-0.1334124966550709
2021-02-05,28132,18755,53807,46887,25675,35052,-0.17427100563123757
2021-02-17,20489,15114,47906,35603,27417,32792,-0.11219888949192168
2021-02-18,19253,22255,45086,41508,25833,22831,0.0665838619527126
2021-02-19,19845,23077,46497,42922,26652,23420,0.06950986085123771
2021-02-22,19963,23785,51328,43748,31365,27543,0.07446228179551122
2021-02-23,20935,25107,54301,46042,33366,29194,0.0768309975875214
2021-02-24,19733,24613,61239,44346,41506,36626,0.07968778066264962
2021-02-25,27502,22396,59903,49898,32401,37507,-0.0852378011117974
2021-02-26,23676,27059,67368,50735,43692,40309,0.05021672010450065
2021-03-02,29070,26649,67008,55719,37938,40359,-0.036130014326647565
2021-03-03,35820,26482,71864,62302,36044,45382,-0.12993988645218746
2021-03-04,31760,30070,70602,61830,38842,40532,-0.02393699895187105
2021-03-05,32618,27298,70712,59916,38094,43414,-0.07523475506278991
2021-03-08,32952,27835,71743,60787,38791,43908,-0.07132403161284027
2021-03-09,34515,28225,70839,62740,36324,42614,-0.08879289656827453
2021-03-10,37524,28642,73164,66166,35640,44522,-0.12139850199551692
2021-03-11,35454,25729,75555,61183,40101,49826,-0.12871418172192442
2021-03-12,31407,27312,70909,58719,39502,43597,-0.05775007403855646
2021-03-15,29044,26063,69853,55107,40809,43790,-0.04267533248393054
2021-03-16,33783,24468,71481,58251,37698,47013,-0.13031434926763755
2021-03-17,17769,26865,69076,44634,51307,42211,0.13168104696276564
2021-03-18,19438,25233,50408,44671,30970,25175,0.11496191080780828
2021-03-19,19700,32017,59183,51717,39483,27166,0.20811719581636617
2021-03-22,21665,26673,57451,48338,35786,30778,0.08716993611947572
2021-03-23,19247,26317,55501,45564,36254,29184,0.12738509216050162
2021-03-24,19520,31920,60541,51440,41021,28621,0.2048198741348838
2021-03-25,19250,28820,57813,48070,38563,28993,0.16553370349229413
2021-03-26,25952,22035,62175,47987,36223,40140,-0.06299959790912746
2021-03-29,23473,23629,59720,47102,36247,36091,0.0026121902210314804
2021-03-30,26177,22397,61727,48574,35550,39330,-0.06123738396487761
2021-03-31,20735,23952,58226,44687,37491,34274,0.05525023185518497
2021-04-01,25207,20752,56786,45959,31579,36034,-0.07845243545944423
2021-04-06,27242,22042,58831,49284,31589,36789,-0.08838877462562254
2021-04-07,25399,21500,59187,46899,33788,37687,-0.06587595248956697
2021-04-08,28146,22603,65632,50749,37486,43029,-0.08445575329107752
2021-04-09,23364,27038,60928,50402,37564,33890,0.060300682773109245
2021-04-12,25161,26663,61169,51824,36008,34506,0.02455492161061976
2021-04-13,25983,28735,61521,54718,35538,32786,0.04473269290161083
2021-04-14,28837,28808,60317,57645,31480,31509,-0.0004807931428950379
2021-04-15,30266,26534,65477,56800,35211,38943,-0.05699711349023321
2021-04-16,29959,27650,65767,57609,35808,38117,-0.03510879316374473
2021-04-19,33395,26802,69893,60197,36498,43091,-0.09432990428226003
2021-04-20,32021,28616,68398,60637,36377,39782,-0.049782157373022606
2021-04-21,22444,26868,62072,49312,39628,35204,0.07127207114318855
2021-04-22,23354,25489,55470,48843,32116,29981,0.03848927348116099
2021-04-23,29084,24744,59445,53828,30361,34701,-0.07300866347043486
2021-04-26,32611,27536,68775,60147,36164,41239,-0.0737913486005089
2021-04-27,31602,28580,66955,60182,35353,38375,-0.045134792024494066
2021-04-28,27731,28739,65934,56470,38203,37195,0.015288015288015287
2021-04-29,30396,28915,65447,59311,35051,36532,-0.022628997509435117
2021-05-03,29482,42925,74639,72407,45157,31714,0.18010691461568348
2021-05-04,31652,46799,79331,78451,47679,32532,0.1909341871399579
2021-05-05,31428,37343,77246,68771,45818,39903,0.07657354426119152
2021-05-06,37255,33695,76138,70950,38883,42443,-0.04675720402427172
2021-05-07,39559,34362,83871,73921,44312,49509,-0.061964206936843486
2021-05-10,36796,37103,81174,73899,44378,44071,0.0037819991622933453
2021-05-11,38020,42775,86115,80795,48095,43340,0.0552168611740115
2021-05-12,40398,31908,70898,72306,30500,38990,-0.11974949928065672
2021-05-13,36650,30056,64577,66706,27927,34521,-0.10211065859361693
2021-05-14,37977,27174,63603,65151,25626,36429,-0.16985047875100232
2021-05-17,34753,25191,59420,59944,24667,34229,-0.16092224840121172
2021-05-18,34748,24109,60534,58857,25786,36425,-0.1757524696864572
2021-05-19,24822,21821,51496,46643,26674,29675,-0.05827637098027031
2021-05-20,25387,22533,47891,47920,22504,25358,-0.0595936606042889
2021-05-21,25219,22803,49358,48022,24139,26555,-0.048948498723611164
2021-05-24,24990,25406,52916,50396,27926,27510,0.007861516365560511
2021-05-25,28475,26866,58510,55341,30035,31644,-0.02749957272261152
2021-05-26,26075,26600,56523,52675,30448,29923,0.009288254338941669
2021-05-27,26381,28992,54434,55373,28053,25442,0.04796634456405923
2021-05-28,27549,30085,61127,57634,33578,31042,0.041487395095457
2021-05-31,27609,31189,60025,58798,32416,28836,0.059641815910037484
2021-06-01,28690,31827,62461,60517,33771,30634,0.05022333936376299
2021-06-02,26491,31476,60590,57967,34099,29114,0.08227430269021291
2021-06-03,26808,30865,61241,57673,34433,30376,0.06624646886889503
2021-06-04,25298,32864,61256,58162,35958,28392,0.1235144312393888
2021-06-07,26913,32013,59903,58926,32990,27890,0.08513763918334641
2021-06-08,25715,33001,60230,58716,34515,27229,0.12096961647019758
2021-06-09,12728,29845,58045,42573,45317,28200,0.2948918942200017
2021-06-10,12883,29482,59445,42365,46562,29963,0.2792329043653798
2021-06-11,13864,30578,59944,44442,46080,29366,0.2788269051114373
2021-06-15,14627,32731,64384,47358,49757,31653,0.2811878727634195
2021-06-16,11716,15307,53541,27023,41825,38234,0.0670700958144226
2021-06-17,13586,19462,45367,33048,31781,25905,0.12952145832874115
2021-06-18,12178,20595,44832,32773,32654,24237,0.18774536045681656
2021-06-21,12729,24769,50622,37498,37893,25853,0.23784125479040732
2021-06-22,12054,25464,49207,37518,37153,23743,0.2725222021257138
2021-06-23,12960,21231,54025,34191,41065,32794,0.1530957889865803
2021-06-24,12271,23783,52967,36054,40696,29184,0.21734287386485926
2021-06-25,11716,19248,48050,30964,36334,28802,0.15675338189386057
2021-06-28,11455,20563,51370,32018,39915,30807,0.17730192719486082
2021-06-29,10693,20469,48605,31162,37912,28136,0.2011315708260467
2021-06-30,11367,17541,53450,28908,42083,35909,0.11550982226379794
2021-07-01,11177,21368,49525,32545,38348,28157,0.2057748611812216
2021-07-02,11536,19507,48652,31043,37116,29145,0.16383704678122174
2021-07-05,12134,16394,54179,28528,42045,37785,0.07862825079827977
2021-07-06,10804,19934,52833,30738,42029,32899,0.1728086612533833
2021-07-07,11916,20240,50525,32156,38609,30285,0.16475012370113806
2021-07-08,10811,22165,52005,32976,41194,29840,0.21832516104220748
2021-07-09,11836,26694,54057,38530,42221,27363,0.274858020237897
2021-07-12,12433,23369,52139,35802,39706,28770,0.2097470223824776
2021-07-13,14017,23520,53469,37537,39452,29949,0.17772915147094578
2021-07-14,13506,22713,52095,36219,38589,29382,0.1767348114022459
2021-07-15,15266,22047,58460,37313,43194,36413,0.11599384194320903
2021-07-16,13620,31185,58146,44805,44526,26961,0.3020844082138066
2021-07-19,11504,24347,52774,35851,41270,28427,0.2433584719748361
2021-07-20,13292,28872,59588,42164,46296,30716,0.2614620393367792
2021-07-21,5724,26255,57604,31979,51880,31349,0.3564162210957572
2021-07-22,8992,24573,46199,33565,37207,21626,0.3372583822160653
2021-07-23,7547,25081,46617,32628,39070,21536,0.37612888002230943
2021-07-26,5464,28931,53923,34395,48459,24992,0.4351946293789292
2021-07-27,6547,27687,50896,34234,44349,23209,0.4153568060358378
2021-07-28,4991,28750,51023,33741,46032,22273,0.46565274484056207
2021-07-29,12109,23515,53880,35624,41771,30365,0.21169265033407572
2021-07-30,5430,24629,48420,30059,42990,23791,0.39650970673275504
2021-08-02,11098,22950,53390,34048,42292,30440,0.22198913654242367
2021-08-03,8861,24167,52553,33028,43692,28386,0.29124883450992334
2021-08-04,12312,23609,57538,35921,45226,33929,0.1963398102123814
2021-08-05,8738,26408,55943,35146,47205,29535,0.3158572118048728
2021-08-06,9127,23085,49639,32212,40512,26554,0.28119019319486693
2021-08-09,11210,23221,50206,34431,38996,26985,0.23923435445962635
2021-08-10,8749,28393,53666,37142,44917,25273,0.36604181418402715
2021-08-11,7783,28773,54396,36556,46613,25623,0.38587396132068535
2021-08-12,7833,29453,53744,37286,45911,24291,0.40227746353081273
2021-08-13,6811,31705,59899,38516,53088,28194,0.4155995926476235
2021-08-16,10499,27792,55318,38291,44819,27526,0.3126107234534871
2021-08-17,12474,26954,58803,39428,46329,31849,0.24624593983300172
2021-08-18,8851,9090,44251,17941,35400,35161,0.005401007886827416
2021-08-19,6918,17752,46557,24670,39639,28805,0.23270399725068197
2021-08-20,9465,14685,44323,24150,34858,29638,0.11777181147485505
2021-08-23,12615,11258,48407,23873,35792,37149,-0.028033135703513956
2021-08-24,12087,12389,47828,24476,35741,35439,0.0063142928828301415
2021-08-25,14659,12049,54184,26708,39525,42135,-0.048169201240218514
2021-08-26,12561,12140,48703,24701,36142,36563,-0.008644231361517771
2021-08-27,14433,11288,52226,25721,37793,40938,-0.060219047983762874
2021-08-30,14183,10900,52687,25083,38504,41787,-0.06231138611042572
2021-08-31,17230,10964,52399,28194,35169,41435,-0.11958243477928968
2021-09-01,13753,12556,53031,26309,39278,40475,-0.022571703343327486
2021-09-02,15457,12262,51016,27719,35559,38754,-0.06262741100831112
2021-09-03,17067,12594,55371,29661,38304,42777,-0.08078235899658666
2021-09-06,16684,11504,53009,28188,36325,41505,-0.09771925522081155
2021-09-07,17791,11848,51678,29639,33887,39830,-0.1150005805178219
2021-09-08,19459,13720,54455,33179,34996,40735,-0.10538977137085667
2021-09-09,13013,13482,47541,26495,34528,34059,0.009865169012010686
2021-09-10,15475,13326,53712,28801,38237,40386,-0.04000968126303247
2021-09-13,14408,16693,51538,31101,37130,34845,0.04433621793628002
2021-09-14,15081,15953,50045,31034,34964,34092,0.01742431811369767
2021-09-15,7698,10488,42289,18186,34591,31801,0.06597460332474166
2021-09-16,8167,13515,38364,21682,30197,24849,0.13940152226045252
2021-09-17,8833,10764,36625,19597,27792,25861,0.052723549488054605
2021-09-22,10051,20183,44590,30234,34539,24407,0.22722583538910068
2021-09-23,10773,20320,45581,31093,34808,25261,0.2094513064654132
2021-09-24,10251,21020,49893,31271,39642,28873,0.2158419016695729
2021-09-27,11136,25577,52033,36713,40897,26456,0.27753541022043704
2021-09-28,11765,18334,48383,30099,36618,30049,0.13577082859682119
2021-09-29,13254,29579,62167,42833,48913,32588,0.26259912815480885
2021-09-30,14173,25864,56701,40037,42528,30837,0.20618683973827623
2021-10-01,13902,31973,64328,45875,50426,32355,0.2809196617336152
2021-10-04,14019,27857,59916,41876,45897,32059,0.23095667267507844
2021-10-05,12899,29762,57762,42661,44863,28000,0.2919393372805651
2021-10-06,14568,27817,58006,42385,43438,30189,0.2284074061304003
2021-10-07,14526,26626,60336,41152,45810,33710,0.20054362238133122
2021-10-08,15503,30185,59428,45688,43925,29243,0.24705526014673218
2021-10-12,15755,26167,54710,41922,38955,28543,0.1903125571193566
2021-10-13,15408,29821,60766,45229,45358,30945,0.23718855939176514
2021-10-14,16323,25404,55043,41727,38720,29639,0.16498010646222044
2021-10-15,16958,20958,59073,37916,42115,38115,0.06771282988844311
2021-10-18,19869,25247,58864,45116,38995,33617,0.09136314215819516
2021-10-19,20372,23001,61021,43373,40649,38020,0.04308352862129431
2021-10-20,12274,13957,52306,26231,40032,38349,0.03217604098956143
2021-10-21,11215,20288,42695,31503,31480,22407,0.21250731935823866
2021-10-22,11210,20398,44584,31608,33374,24186,0.20608289969495783
2021-10-25,12705,15059,47211,27764,34506,32152,0.049861261146766644
2021-10-26,12712,16363,51337,29075,38625,34974,0.0711182967450377
2021-10-27,12770,16153,51659,28923,38889,35506,0.06548713680094466
2021-10-28,13031,17725,51048,30756,38017,33323,0.09195267199498511
2021-10-29,13202,18204,50321,31406,37119,32117,0.09940184018600584
2021-11-01,12434,15112,49859,27546,37425,34747,0.053711466335064885
2021-11-02,14419,18493,51940,32912,37521,33447,0.0784366576819407
2021-11-03,14508,16167,51667,30675,37159,35500,0.032109470261482184
2021-11-04,14246,19780,53413,34026,39167,33633,0.103607735944433
2021-11-05,18162,14565,56891,32727,38729,42326,-0.0632261693413721
2021-11-08,20701,13970,60125,34671,39424,46155,-0.11195010395010395
2021-11-09,16133,15529,56474,31662,40341,40945,-0.0106951871657754
2021-11-10,14233,15619,53301,29852,39068,37682,0.02600326447909045
2021-11-11,16397,20800,53988,37197,37591,33188,0.08155516040601615
2021-11-12,17047,18075,51819,35122,34772,33744,0.019838283255176673
2021-11-15,16555,18715,53681,35270,37126,34966,0.040237700489931263
2021-11-16,17065,19740,55460,36805,38395,35720,0.048232960692390914
2021-11-17,14497,8190,50398,22687,35901,42208,-0.12514385491487756
2021-11-18,14439,11778,46242,26217,31803,34464,-0.057545088880238744
2021-11-19,12016,16031,46997,28047,34981,30966,0.08543098495648659
2021-11-22,13511,18807,49698,32318,36187,30891,0.10656364441224998
2021-11-23,13215,22180,52529,35395,39314,30349,0.17066763121323458
2021-11-24,14378,20391,51457,34769,37079,31066,0.1168548496803156
2021-11-25,14316,25433,54105,39749,39789,28672,0.2054708437297847
2021-11-26,14068,21172,59774,35240,45706,38602,0.11884765951751598
2021-11-29,14977,18202,51921,33179,36944,33719,0.062113595654937306
2021-11-30,13702,23209,53018,36911,39316,29809,0.17931645856124334
2021-12-01,15248,16041,57825,31289,42577,41784,0.013713791612624298
2021-12-02,15805,16237,55837,32042,40032,39600,0.0077368053441266545
2021-12-03,14646,18426,56116,33072,41470,37690,0.06736046760282273
2021-12-06,14486,22079,57205,36565,42719,35126,0.13273315269644262
2021-12-07,14900,19836,55636,34736,40736,35800,0.08871953411460205
2021-12-08,19437,17602,55762,37039,36325,38160,-0.03290771493131523
2021-12-09,20765,19285,57101,40050,36336,37816,-0.02591898565699375
2021-12-10,21271,24942,59718,46213,38447,34776,0.061472252922067046
2021-12-13,23219,26801,62311,50020,39092,35510,0.05748583717160694
2021-12-14,26785,30474,66722,57259,39937,36248,0.055289110038667905
2021-12-15,12955,18432,49756,31387,36801,31324,0.11007717662191495
2021-12-16,12561,17796,46732,30357,34171,28936,0.11202174099118377
2021-12-17,13894,22468,50277,36362,36383,27809,0.17053523479921237
2021-12-20,13285,23503,51641,36788,38356,28138,0.19786603667628436
2021-12-21,15728,20138,56411,35866,40683,36273,0.07817624222226162
2021-12-22,14302,18572,53854,32874,39552,35282,0.07928844654064693
2021-12-23,17673,16133,56169,33806,38496,40036,-0.027417258630205273
2021-12-24,18343,16110,56427,34453,38084,40317,-0.03957325393871728
2021-12-27,19886,15474,60943,35360,41057,45469,-0.07239551712255714
2021-12-28,21273,15705,62131,36978,40858,46426,-0.0896170993545895
2021-12-29,20553,15161,60789,35714,40236,45628,-0.08870025827041077
2021-12-30,17459,17059,56745,34518,39286,39686,-0.007049079214027668
2022-01-03,19898,16019,56660,35917,36762,40641,-0.06846099541122486
2022-01-04,22661,14944,61765,37605,39104,46821,-0.12494130980328665
2022-01-05,20918,17177,60058,38095,39140,42881,-0.06228978653967831
2022-01-06,22509,18777,56957,41286,34448,38180,-0.06552311392805099
2022-01-07,19576,22818,58685,42394,39109,35867,0.0552440998551589
2022-01-10,22010,19555,57188,41565,35178,37633,-0.04292858641673078
2022-01-11,19027,22956,56370,41983,37343,33414,0.06970019513925847
2022-01-12,21692,23578,59073,45270,37381,35495,0.03192659929240093
2022-01-13,23194,20430,60901,43624,37707,40471,-0.04538513324904353
2022-01-14,23159,24150,58923,47309,35764,34773,0.01681855981535224
2022-01-17,23962,22450,62650,46412,38688,40200,-0.024134078212290504
2022-01-18,24864,25788,61174,50652,36310,35386,0.015104456141498022
2022-01-19,18193,24553,60341,42746,42148,35788,0.10540097114731277
2022-01-20,18124,22174,52436,40298,34312,30262,0.07723701273933939
2022-01-21,18891,29701,62877,48592,43986,33176,0.17192296070105126
2022-01-24,19827,27159,59573,46986,39746,32414,0.12307589008443422
2022-01-25,19836,30624,65904,50460,46068,35280,0.1636926438455936
2022-01-26,20577,27596,61154,48173,40577,33558,0.11477581188474997
2022-02-07,23935,24620,63212,48555,39277,38592,0.010836550022147694
2022-02-08,24607,25867,65397,50474,40790,39530,0.019266938850405983
2022-02-09,21653,19906,63950,41559,42297,44044,-0.0273182173573104
2022-02-10,24343,17872,64036,42215,39693,46164,-0.1010525329502155
2022-02-11,23350,20945,62724,44295,39374,41779,-0.03834258019258976
2022-02-14,24176,26969,60664,51145,36488,33695,0.04604048529605697
2022-02-15,24996,25597,58620,50593,33624,33023,0.010252473558512453
2022-02-16,19505,14830,57468,34335,37963,42638,-0.0813496206584534
2022-02-17,18430,18906,49429,37336,30999,30523,0.009629974306581158
2022-02-18,18711,21886,53926,40597,35215,32040,0.05887697956458851
2022-02-21,17491,22481,53730,39972,36239,31249,0.09287176623860041
2022-02-22,16501,27866,58186,44367,41685,30320,0.19532189873852818
2022-02-23,17156,22951,54297,40107,37141,31346,0.10672781184964178
2022-02-24,18674,33916,69154,52590,50480,35238,0.22040662868380714
2022-02-25,19050,27224,61334,46274,42284,34110,0.13327029054032022
2022-03-01,23052,24753,64050,47805,40998,39297,0.026557377049180327
2022-03-02,18607,29834,63379,48441,44772,33545,0.1771406932895754
2022-03-03,18691,26927,61677,45618,42986,34750,0.13353438072539195
2022-03-04,20305,30292,62477,50597,42172,32185,0.15985082510363813
2022-03-07,17926,37108,73562,55034,55636,36454,0.2607596313313939
2022-03-08,20036,30785,69225,50821,49189,38440,0.1552762730227519
2022-03-09,20902,24792,66148,45694,45246,41356,0.05880752252524642
2022-03-10,23039,22422,66192,45461,43153,43770,-0.009321368141165095
2022-03-11,19150,23865,59734,43015,40584,35869,0.07893327083403087
2022-03-14,19067,23417,59323,42484,40256,35906,0.07332737723985638
2022-03-15,16670,27607,65922,44277,49252,38315,0.16590819453293287
2022-03-16,14097,13482,57767,27579,43670,44285,-0.01064621669811484
2022-03-17,20365,11511,56525,31876,36160,45014,-0.15663865546218486
2022-03-18,17016,13640,53430,30656,36414,39790,-0.06318547632416245
2022-03-21,20870,15395,60219,36265,39349,44824,-0.09091814875703681
2022-03-22,22565,16402,61946,38967,39381,45544,-0.09948987828108352
2022-03-23,24886,17028,66657,41914,41771,49629,-0.11788709362857615
2022-03-24,23980,18213,65440,42193,41460,47227,-0.08812652811735941
2022-03-25,20089,19522,63115,39611,43026,43593,-0.008983601362592094
2022-03-28,18026,19300,55713,37326,37687,36413,0.022867194371152155
2022-03-29,20132,18976,57840,39108,37708,38864,-0.01998616874135546
2022-03-30,23500,17017,63126,40517,39626,46109,-0.1026993631784051
2022-03-31,18086,19623,60241,37709,42155,40618,0.025514184691489184
2022-04-01,20155,19460,57955,39615,37800,38495,-0.011992062807350531
2022-04-06,19823,20301,59023,40124,39200,38722,0.008098537858123105
2022-04-07,16188,29316,64848,45504,48660,35532,0.20244263508512214
2022-04-08,19116,21072,60258,40188,41142,39186,0.03246042019316937
2022-04-11,17915,30627,66825,48542,48910,36198,0.19022820800598578
2022-04-12,18348,26091,64817,44439,46469,38726,0.1194594010830492
2022-04-13,22503,20540,68454,43043,45951,47914,-0.02867619131095334
2022-04-14,18668,21990,64266,40658,45598,42276,0.05169140758721563
2022-04-15,14751,28518,65663,43269,50912,37145,0.2096614531775886
2022-04-18,16136,27834,63983,43970,47847,36149,0.18282981416938873
2022-04-19,18545,29815,63385,48360,44840,33570,0.1778023191606847
2022-04-20,12747,16887,58635,29634,45888,41748,0.07060629316960859
2022-04-21,13001,18447,49920,31448,36919,31473,0.10909455128205128
2022-04-22,12889,22317,53921,35206,41032,31604,0.17484838931028726
2022-04-25,12152,28628,62235,40780,50083,33607,0.26473849120269943
2022-04-26,12994,25125,62164,38119,49170,37039,0.19514510005791133
2022-04-27,14644,31368,67047,46012,52403,35679,0.2494369621310424
2022-04-28,15112,26537,63491,41649,48379,36954,0.17994676410829882
2022-04-29,20207,22994,62722,43201,42515,39728,0.044434169828768216
2022-05-03,17173,25151,61658,42324,44485,36507,0.12939115767621395
2022-05-04,17384,24916,63676,42300,46292,38760,0.11828632451787173
2022-05-05,18955,24123,63761,43078,44806,39638,0.08105268110600523
2022-05-06,18229,32388,68195,50617,49966,35807,0.20762519246279051
2022-05-09,18776,32716,72493,51492,53717,39777,0.19229442842757233
2022-05-10,17193,32082,68168,49275,50975,36086,0.21841626569651448
2022-05-11,18135,31720,69522,49855,51387,37802,0.19540577083513133
2022-05-12,13064,35196,66913,48260,53849,31717,0.3307578497451915
2022-05-13,19274,29699,63851,48973,44577,34152,0.16327073969084274
2022-05-16,22273,28831,64650,51104,42377,35819,0.10143851508120649
2022-05-17,24599,28036,67661,52635,43062,39625,0.05079735741416769
2022-05-18,19484,11121,60381,30605,40897,49260,-0.13850383398751262
2022-05-19,14550,18385,50882,32935,36332,32497,0.07537046499744507
2022-05-20,18635,13940,54556,32575,35921,40616,-0.08605836205000367
2022-05-23,17867,18024,52935,35891,35068,34911,0.002965901577406253
2022-05-24,16187,21552,56705,37739,40518,35153,0.09461246803632836
2022-05-25,18718,20095,57583,38813,38865,37488,0.02391330774707813
2022-05-26,17027,23522,57385,40549,40358,33863,0.11318288751415875
2022-05-27,25728,16384,63545,42112,37817,47161,-0.14704540089700213
2022-05-30,27185,15491,65889,42676,38704,50398,-0.17748030779037471
2022-05-31,25543,16666,67406,42209,41863,50740,-0.13169450790730797
2022-06-01,24152,16781,64644,40933,40492,47863,-0.11402450343419343
2022-06-02,24156,16840,63978,40996,39822,47138,-0.11435180843414924
2022-06-06,24735,17195,64738,41930,40003,47543,-0.11646946152182644
2022-06-07,20028,18160,61536,38188,41508,43376,-0.030356214248569942
2022-06-08,26937,16712,69015,43649,42078,52303,-0.14815619792798668
2022-06-09,22108,16695,63239,38803,41131,46544,-0.08559591391388226
2022-06-10,21686,21693,65697,43379,44011,44004,0.00010654976635158378
2022-06-13,17520,24345,67081,41865,49561,42736,0.10174266931023687
2022-06-14,18861,28194,66925,47055,48064,38731,0.13945461337317894
2022-06-15,10226,17374,55818,27600,45592,38444,0.12805904905227705
2022-06-16,12649,23001,56876,35650,44227,33875,0.18200998663759757
2022-06-17,11141,29382,59323,40523,48182,29941,0.30748613522579776
2022-06-20,11205,32600,65229,43805,54024,32629,0.3279982829722976
2022-06-21,14763,27260,63615,42023,48852,36355,0.19644737876287038
2022-06-22,10788,32764,67368,43552,56580,34604,0.326208288801805
2022-06-23,10451,34494,65335,44945,54884,30841,0.3679957143950409
2022-06-24,7099,20954,58565,28053,51466,37611,0.2365747460087083
2022-06-27,11202,18139,60386,29341,49184,42247,0.11487762064054582
2022-06-28,9513,20408,60315,29921,50802,39907,0.1806349995855094
2022-06-29,8948,22710,63551,31658,54603,40841,0.21655048701043256
2022-06-30,6447,29325,71022,35772,64575,41697,0.3221255385655149
2022-07-01,8909,27458,67659,36367,58750,40201,0.2741542145169157
2022-07-04,8289,28608,63958,36897,55669,35350,0.3176928609399919
2022-07-05,7728,31417,64446,39145,56718,33029,0.3675790584365205
2022-07-06,8687,34013,70484,42700,61797,36471,0.3593155893536122
2022-07-07,8412,27110,60287,35522,51875,33177,0.3101497835354222
2022-07-08,8307,22464,54112,30771,45805,31648,0.2616240390301597
2022-07-11,8488,24019,55099,32507,46611,31080,0.2818744441822901
2022-07-12,8495,26735,59843,35230,51348,33108,0.30479755359858296
2022-07-13,7912,23393,55425,31305,47513,32032,0.27931438881371223
2022-07-14,13108,26311,59807,39419,46699,33496,0.22076011169261123
2022-07-15,11145,22397,57194,33542,46049,34797,0.1967339231387908
2022-07-18,15029,21500,59429,36529,44400,37929,0.10888623399350486
2022-07-19,18856,24071,61033,42927,42177,36962,0.08544557862140154
2022-07-20,7163,12519,50813,19682,43650,38294,0.1054060968649755
2022-07-21,10203,9827,44036,20030,33833,34209,-0.008538468525751658
2022-07-22,8322,10655,44288,18977,35966,33633,0.052677926300578035
2022-07-25,12381,11035,48062,23416,35681,37027,-0.028005492904997712
2022-07-26,10081,13377,47519,23458,37438,34142,0.06936172899261348
2022-07-27,13468,8192,49124,21660,35656,40932,-0.10740167738783486
2022-07-28,12124,11200,50419,23324,38295,39219,-0.018326424562169024
2022-07-29,13619,9181,50562,22800,36943,41381,-0.08777342668407104
2022-08-01,12138,10355,49501,22493,37363,39146,-0.036019474354053456
2022-08-02,11423,15482,54063,26905,42640,38581,0.07507907441318462
2022-08-03,13705,15201,55617,28906,41912,40416,0.02689825053490839
2022-08-04,13997,12038,52751,26035,38754,40713,-0.037136736744327124
2022-08-05,23341,8983,62634,32324,39293,53651,-0.2292365169077498
2022-08-08,14498,10803,55914,25301,41416,45111,-0.06608362842937368
2022-08-09,19091,10407,57882,29498,38791,47475,-0.15002937009778514
2022-08-10,13309,16675,56945,29984,43636,40270,0.0591096672227588
2022-08-11,21168,8857,58947,30025,37779,50090,-0.2088486267324885
2022-08-12,20715,8370,58207,29085,37492,49837,-0.2120878932087206
2022-08-15,19008,5795,57382,24803,38374,51587,-0.2302638458053048
2022-08-16,20059,5495,56668,25554,36609,51173,-0.2570057175125291
2022-08-17,11470,4508,51016,15978,39546,46508,-0.13646699074800062
2022-08-18,9728,10907,42328,20635,32600,31421,0.027853902853902855
2022-08-19,10602,10384,44436,20986,33834,34052,-0.00490593212710415
2022-08-22,10662,16557,52041,27219,41379,35484,0.11327607079033838
2022-08-23,10554,20523,56671,31077,46117,36148,0.17591007746466447
2022-08-24,11310,19802,57976,31112,46666,38174,0.14647440320132468
2022-08-25,12428,21520,59551,33948,47123,38031,0.15267585766821715
2022-08-26,11122,16622,55982,27744,44860,39360,0.09824586474223858
2022-08-29,11836,19282,57911,31118,46075,38629,0.12857660893439934
2022-08-30,12271,14705,56114,26976,43843,41409,0.04337598460277293
2022-08-31,15004,13173,57465,28177,42461,44292,-0.031862873053162794
2022-09-01,8242,23405,59234,31647,50992,35829,0.2559847384947834
2022-09-02,8520,29102,64210,37622,55690,35108,0.32054197165550535
2022-09-05,11080,23673,60023,34753,48943,36350,0.20980290888492745
2022-09-06,12127,24990,61532,37117,49405,36542,0.20904569979847884
2022-09-07,12070,30871,72764,42941,60694,41893,0.2583832664504425
2022-09-08,19289,20499,66950,39788,47661,46451,0.018073188946975356
2022-09-12,16233,19107,60788,35340,44555,41681,0.04727906823715207
2022-09-13,16588,17819,59132,34407,42544,41313,0.020817831292701077
2022-09-14,13316,19966,58867,33282,45551,38901,0.11296651774338763
2022-09-15,15440,18018,58050,33458,42610,40032,0.04440999138673557
2022-09-16,15181,23146,61074,38327,45893,37928,0.1304155614500442
2022-09-19,15563,27589,63827,43152,48264,36238,0.18841556081282215
2022-09-20,15938,19821,59207,35759,43269,39386,0.06558346141503539
2022-09-21,7629,19631,59447,27260,51818,39816,0.20189412417783908
2022-09-22,8122,17332,50117,25454,41995,32785,0.18376997825089292
2022-09-23,8549,23327,58148,31876,49599,34821,0.2541445965467428
2022-09-26,8488,29656,64976,38144,56488,35320,0.3257818271361734
2022-09-27,10769,30523,65779,41292,55010,35256,0.3003086091305736
2022-09-28,12529,30617,72642,43146,60113,42025,0.2490019547919936
2022-09-29,14915,26915,69670,41830,54755,42755,0.17224056265250468
2022-09-30,12484,26921,67712,39405,55228,40791,0.2132118383742911
2022-10-03,15032,28666,69861,43698,54829,41195,0.19515895850331372
2022-10-04,16692,23941,68556,40633,51864,44615,0.10573837446758855
2022-10-05,16369,18198,59255,34567,42886,41057,0.03086659353641043
2022-10-06,15748,19758,59855,35506,44107,40097,0.06699523849302481
2022-10-07,15582,26069,63702,41651,48120,37633,0.16462591441399013
2022-10-11,18911,32309,74789,51220,55878,42480,0.17914399176349463
2022-10-12,17763,29024,69718,46787,51955,40694,0.16152213201755644
2022-10-13,21686,26880,71122,48566,49436,44242,0.07302944236663761
2022-10-14,21776,25048,66729,46824,44953,41681,0.04903415306688246
2022-10-17,20322,30246,66661,50568,46339,36415,0.1488726541756049
2022-10-18,21586,31050,68103,52636,46517,37053,0.13896597800390584
2022-10-19,7005,20172,59870,27177,52865,39698,0.219926507432771
2022-10-20,7118,16879,48440,23997,41322,31561,0.20150701899256812
2022-10-21,7758,17342,50081,25100,42323,32739,0.19136998063137717
2022-10-24,9986,17892,53211,27878,43225,35319,0.1485783014790175
2022-10-25,9532,24353,60358,33885,50826,36005,0.2455515424633023
2022-10-26,10797,17338,55066,28135,44269,37728,0.1187847310500127
2022-10-27,15327,16320,58195,31647,42868,41875,0.017063321591201993
2022-10-28,11651,23606,60831,35257,49180,37225,0.1965280860087784
2022-10-31,14481,17968,59410,32449,44929,41442,0.05869382258878977
2022-11-01,18125,19694,63490,37819,45365,43796,0.024712553157977633
2022-11-02,19787,17963,62935,37750,43148,44972,-0.0289822833081751
2022-11-03,16913,18523,61757,35436,44844,43234,0.026069919199442976
2022-11-04,22287,15929,65337,38216,43050,49408,-0.09731086520654453
2022-11-07,23923,15787,66286,39710,42363,50499,-0.12274085025495579
2022-11-08,23270,17005,66526,40275,43256,49521,-0.09417370652075881
2022-11-09,33311,14503,72136,47814,38825,57633,-0.26072973272707106
2022-11-10,21101,18240,63250,39341,42149,45010,-0.04523320158102767
2022-11-11,33619,17718,65178,51337,31559,47460,-0.2439626867961582
2022-11-14,27478,23775,62685,51253,35207,38910,-0.05907314349525405
2022-11-15,35841,18509,69195,54350,33354,50686,-0.25048052604957005
2022-11-16,12360,7629,47512,19989,35152,39883,-0.09957484424987371
2022-11-17,13191,11504,45010,24695,31819,33506,-0.03748055987558321
2022-11-18,13061,13403,45652,26464,32591,32249,0.007491457110312801
2022-11-21,13803,15962,47925,29765,34122,31963,0.045049556598852375
2022-11-22,14728,14046,50165,28774,35437,36119,-0.013595136051031596
2022-11-23,14522,14041,51617,28563,37095,37576,-0.009318635333320417
2022-11-24,17756,15273,55431,33029,37675,40158,-0.044794429110064767
2022-11-25,15510,18613,57328,34123,41818,38715,0.05412712810494
2022-11-28,15310,16504,53004,31814,37694,36500,0.02252660176590446
2022-11-29,20516,11560,57292,32076,36776,45732,-0.15632199958109336
2022-11-30,24183,10493,60520,34676,36337,50027,-0.22620621282220754
2022-12-01,20140,19499,59719,39639,39579,40220,-0.010733602371104673
2022-12-02,19250,23967,61905,43217,42655,37938,0.07619739924077215
2022-12-05,21368,21952,62552,43320,41184,40600,0.009336232254764036
2022-12-06,20984,24797,68422,45781,47438,43625,0.055727689924293354
2022-12-07,21936,20000,65798,41936,43862,45798,-0.02942338672907991
2022-12-08,17936,21403,64011,39339,46075,42608,0.05416256580900158
2022-12-09,23466,17412,66052,40878,42586,48640,-0.09165505964997275
2022-12-12,18954,16660,60354,35614,41400,43694,-0.038009079762733204
2022-12-13,14497,18486,60225,32983,45728,41739,0.06623495226234952
2022-12-14,24592,19432,65460,44024,40868,46028,-0.07882676443629698
2022-12-15,24615,16879,64268,41494,39653,47389,-0.12037094666085765
2022-12-16,20243,21656,65183,41899,44940,43527,0.02167743123206971
2022-12-19,22855,20058,65776,42913,42921,45718,-0.04252310873266845
2022-12-20,24797,25155,70674,49952,45877,45519,0.005065512069502221
2022-12-21,12530,6644,52640,19174,40110,45996,-0.1118161094224924
2022-12-22,21305,6101,55062,27406,33757,48961,-0.2761250953470633
2022-12-23,14030,9808,50861,23838,36831,41053,-0.0830105581880026
2022-12-26,14914,7519,50510,22433,35596,42991,-0.14640665214808948
2022-12-27,15196,9187,53215,24383,38019,44028,-0.11291928967396411
2022-12-28,11855,13853,57252,25708,45397,43399,0.03489834416264934
2022-12-29,11141,11497,53797,22638,42656,42300,0.006617469375615741
2022-12-30,15563,6490,53212,22053,37649,46722,-0.17050665263474404
2023-01-03,17922,5926,56253,23848,38331,50327,-0.21325084884361722
2023-01-04,13086,7588,53174,20674,40088,45586,-0.10339639673524655
2023-01-05,17979,7480,56457,25459,38478,48977,-0.18596453938395593
2023-01-06,24948,7482,61617,32430,36669,54135,-0.28346073323920346
2023-01-09,29334,6361,62743,35695,33409,56382,-0.3661444304543933
2023-01-10,24755,7287,58571,32042,33816,51284,-0.29823632855850163
2023-01-11,18585,8026,56425,26611,37840,48399,-0.1871333628710678
2023-01-12,18083,9526,54557,27609,36474,45031,-0.15684513444654216
2023-01-13,22787,9107,55386,31894,32599,46279,-0.24699382515437113
2023-01-16,24061,7904,56726,31965,32665,48822,-0.28482530056764094
2023-01-17,23470,9387,53258,32857,29788,43871,-0.26442975703180743
2023-01-30,13941,5108,44067,19049,30126,38959,-0.20044477727097373
2023-01-31,9696,16867,43859,26563,34163,26992,0.1635012198180533
2023-02-01,13074,10241,42505,23315,29431,32264,-0.06665098223738383
2023-02-02,15876,6523,45090,22399,29214,38567,-0.20742958527389666
2023-02-03,13712,7719,44051,21431,30339,36332,-0.13604685478195727
2023-02-06,11502,14283,46591,25785,35089,32308,0.05968963962997145
2023-02-07,13755,12179,49777,25934,36022,37598,-0.03166120899210479
2023-02-08,26191,9492,57942,35683,31751,48450,-0.2882019950985468
2023-02-09,19076,11196,51972,30272,32896,40776,-0.15162010313245594
2023-02-10,19534,12228,52063,31762,32529,39835,-0.1403299848260761
2023-02-13,21504,13328,55515,34832,34011,42187,-0.14727551112311987
2023-02-14,22531,8510,56785,31041,34254,48275,-0.24691379765783217
2023-02-15,8811,11278,51944,20089,43133,40666,0.04749345448945018
2023-02-16,17976,6711,48260,24687,30284,41549,-0.23342312474098634
2023-02-17,12694,10951,46743,23645,34049,35792,-0.0372890058404467
2023-02-20,17745,9353,52021,27098,34276,42668,-0.16131946713827108
2023-02-21,16473,9608,50982,26081,34509,41374,-0.13465536856145305
2023-02-22,12939,13989,52285,26928,39346,38296,0.020082241560677058
2023-02-23,24259,9878,60295,34137,36036,50417,-0.23851065594162035
2023-02-24,15499,10357,52342,25856,36843,41985,-0.09823850827251537
2023-03-01,16671,11298,53786,27969,37115,42488,-0.09989588368720485
2023-03-02,17801,13048,54134,30849,36333,41086,-0.087800642849226
2023-03-03,20098,11882,58193,31980,38095,46311,-0.1411853659374839
2023-03-06,20613,10949,61484,31562,40871,50535,-0.15717910350660336
2023-03-07,26137,11706,67337,37843,41200,55631,-0.21431011182559365
2023-03-08,16226,17557,62835,33783,46609,45278,0.02118246200366038
2023-03-09,15137,20032,63979,35169,48842,43947,0.0765094796730177
2023-03-10,14616,23058,64140,37674,49524,41082,0.13161833489242283
2023-03-13,20100,16762,59011,36862,38911,42249,-0.05656572503431564
2023-03-14,16144,27435,62551,43579,46407,35116,0.1805087048968042
2023-03-15,11297,16003,53876,27300,42579,37873,0.0873487267057688
2023-03-16,13749,16869,52030,30618,38281,35161,0.059965404574284065
2023-03-17,21177,8913,55046,30090,33869,46133,-0.22279548014387968
2023-03-20,14909,15073,54170,29982,39261,39097,0.003027505999630792
2023-03-21,18335,9128,54578,27463,36243,45450,-0.16869434570706146
2023-03-22,22978,5980,67819,28958,44841,61839,-0.25063772689069436
2023-03-23,23527,6712,66145,30239,42618,59433,-0.2542142263209615
2023-03-24,21454,9159,66304,30613,44850,57145,-0.18543375965250966
2023-03-27,15402,10686,58924,26088,43522,48238,-0.08003529970809857
2023-03-28,14742,17336,61062,32078,46320,43726,0.042481412335003764
2023-03-29,15391,10836,58164,26227,42773,47328,-0.07831304587029778
2023-03-30,18149,9160,58418,27309,40269,49258,-0.15387380601869288
2023-03-31,18507,8654,58059,27161,39552,49405,-0.1697066776899361
2023-04-06,18380,10522,55219,28902,36839,44697,-0.14230609029500715
2023-04-07,19185,11621,57937,30806,38752,46316,-0.13055560350035383
2023-04-10,18000,11637,58005,29637,40005,46368,-0.10969743987587277
2023-04-11,23505,8184,61881,31689,38376,53697,-0.24758811266786251
2023-04-12,19288,9627,59592,28915,40304,49965,-0.1621190763860921
2023-04-13,15217,16378,61456,31595,46239,45078,0.01889156469669357
2023-04-14,27707,7842,66045,35549,38338,58203,-0.30077977136800665
2023-04-17,19349,10621,61162,29970,41813,50541,-0.14270298551388116
2023-04-18,16073,17708,63025,33781,46952,45317,0.02594208647362158
2023-04-19,11016,15326,55254,26342,44238,39928,0.07800340246859956
2023-04-20,12161,12058,48376,24219,36215,36318,-0.0021291549528691914
2023-04-21,11893,18720,55759,30613,43866,37039,0.1224376333865385
2023-04-24,13659,15356,55496,29015,41837,40140,0.030578780452645237
2023-04-25,12064,21593,64095,33657,52031,42502,0.1486699430532803
2023-04-26,12768,17802,61381,30570,48613,43579,0.08201234909825517
2023-04-27,15290,14884,59370,30174,44080,44486,-0.006838470608051204
2023-04-28,13436,10785,52716,24221,39280,41931,-0.05028833750663935
2023-05-02,15593,9922,54219,25515,38626,44297,-0.10459433040078202
2023-05-03,14151,12579,54280,26730,40129,41701,-0.028960943257184967
2023-05-04,15870,8976,55731,24846,39861,46755,-0.1237013511331216
2023-05-05,15356,11417,54603,26773,39247,43186,-0.0721388934673919
2023-05-08,15122,9606,54476,24728,39354,44870,-0.10125559879579998
2023-05-09,16762,9574,54815,26336,38053,45241,-0.13113198941895465
2023-05-10,12899,16367,61582,29266,48683,45215,0.05631515702640382
2023-05-11,16736,16978,63638,33714,46902,46660,0.0038027593576165186
2023-05-12,17094,14987,60803,32081,43709,45816,-0.03465289541634459
2023-05-15,21574,14794,62971,36368,41397,48177,-0.10766860935986407
2023-05-16,26807,10866,65780,37673,38973,54914,-0.24233809668592277
2023-05-17,22099,6478,65809,28577,43710,59331,-0.23736874895531007
2023-05-18,18128,7382,57049,25510,38921,49667,-0.1883643885081246
2023-05-19,16512,8536,57528,25048,41016,48992,-0.13864552913363928
2023-05-22,15946,11480,59342,27426,43396,47862,-0.07525867008189815
2023-05-23,16597,12119,60387,28716,43790,48268,-0.07415503336810902
2023-05-24,16514,18052,64524,34566,48010,46472,0.023836091996776394
2023-05-25,20177,16032,64972,36209,44795,48940,-0.06379671242996983
2023-05-26,21660,12484,66970,34144,45310,54486,-0.13701657458563535
2023-05-29,19389,19139,67121,38528,47732,47982,-0.003724616736937769
2023-05-30,20677,21002,69096,41679,48419,48094,0.004703600787310408
2023-05-31,19138,19606,64288,38744,45150,44682,0.007279741164758586
2023-06-01,18197,22762,65812,40959,47615,43050,0.06936424968090926
2023-06-02,25945,20601,71738,46546,45793,51137,-0.07449329504586133
2023-06-05,21644,23297,68861,44941,47217,45564,0.024004879394722702
2023-06-06,24533,22781,71526,47314,46993,48745,-0.024494589380085564
2023-06-07,30058,20243,76371,50301,46313,56128,-0.1285173691584502
2023-06-08,21858,27485,71727,49343,49869,44242,0.07845023491851047
2023-06-09,25512,23825,73337,49337,47825,49512,-0.023003395284781215
2023-06-12,24028,21979,71295,46007,47267,49316,-0.028739743320008417
2023-06-13,28057,22362,73498,50419,45441,51136,-0.07748510163541865
2023-06-14,23678,25902,72331,49580,48653,46429,0.030747535634790064
2023-06-15,28792,23347,74363,52139,45571,51016,-0.07322189798690208
2023-06-16,25380,26791,71374,52171,45994,44583,0.019769103595146692
2023-06-19,29078,28511,75263,57589,46185,46752,-0.007533582238284416
2023-06-20,28388,30540,73019,58928,44631,42479,0.029471781317191414
2023-06-21,11553,14208,54550,25761,42997,40342,0.04867094408799267
2023-06-26,10901,18367,47309,29268,36408,28942,0.15781352385381217
2023-06-27,9028,15607,50391,24635,41363,34784,0.1305590283979282
2023-06-28,9658,14522,50398,24180,40740,35876,0.09651176633993412
2023-06-29,9237,19020,51335,28257,42098,32315,0.19057173468393884
2023-06-30,10695,14396,50800,25091,40105,36404,0.07285433070866142
2023-07-03,16160,13390,55841,29550,39681,42451,-0.04960512884797908
2023-07-04,16995,13022,56395,30017,39400,43373,-0.07044950793510063
2023-07-05,12209,17365,56025,29574,43816,38660,0.09203034359660865
2023-07-06,12749,18627,61809,31376,49060,43182,0.0950994191784368
2023-07-07,14009,15576,59622,29585,45613,44046,0.026282244808963136
2023-07-10,14257,13509,58028,27766,43771,44519,-0.012890328806782932
2023-07-11,23699,12503,65749,36202,42050,53246,-0.17028395869138693
2023-07-12,21268,12512,63349,33780,42081,50837,-0.13821844070151068
2023-07-13,27143,11847,62242,38990,35099,50395,-0.24575045789017064
2023-07-14,24683,13355,61056,38038,36373,47701,-0.18553459119496854
2023-07-17,24239,17238,61279,41477,37040,44041,-0.11424794791037712
2023-07-18,18746,13656,56730,32402,37984,43074,-0.08972325048475234
2023-07-19,5906,11619,48972,17525,43066,37353,0.11665849873397043
2023-07-20,10805,12010,43662,22815,32857,31652,0.02759836929137465
2023-07-21,7425,14122,44565,21547,37140,30443,0.15027487938965556
2023-07-24,8020,13113,44201,21133,36181,31088,0.11522363747426528
2023-07-25,10057,11902,48744,21959,38687,36842,0.03785081240768094
2023-07-26,5850,13624,46398,19474,40548,32774,0.1675503254450623
2023-07-27,9073,10847,47994,19920,38921,37147,0.03696295370254615
2023-07-28,12884,9759,50616,22643,37732,40857,-0.06173937094989727
2023-07-31,9209,16152,53097,25361,43888,36945,0.13076068327777463
2023-08-01,13361,12956,54572,26317,41211,41616,-0.007421388257714579
2023-08-02,11828,23566,66175,35394,54347,42609,0.1773781639591991
2023-08-04,12633,23359,63818,35992,51185,40459,0.16807170390798834
2023-08-07,14373,12279,59679,26652,45306,47400,-0.03508771929824561
2023-08-08,10758,17234,58866,27992,48108,41632,0.11001257092379302
2023-08-09,11003,15493,58659,26496,47656,43166,0.07654409383044375
2023-08-10,10169,18227,64898,28396,54729,46671,0.12416407285278437
2023-08-11,9320,16184,61031,25504,51711,44847,0.11246743458242532
2023-08-14,9190,24487,71459,33677,62269,46972,0.21406680753998797
2023-08-15,11081,15554,62881,26635,51800,47327,0.07113436491149949
2023-08-16,3446,17472,59143,20918,55697,41671,0.23715401653619195
2023-08-17,5373,18183,49777,23556,44404,31594,0.2573477710589228
2023-08-18,6239,26539,55838,32778,49599,29299,0.36355170314123
2023-08-21,4964,21938,55218,26902,50254,33280,0.3073997609475171
2023-08-22,4937,19903,54408,24840,49471,34505,0.2750698426701956
2023-08-23,13282,12630,57450,25912,44168,44820,-0.01134899912967798
2023-08-24,8517,12059,51818,20576,43301,39759,0.06835462580570457
2023-08-25,5272,23685,63423,28957,58151,39738,0.29032054617410086
2023-08-28,8481,17493,60392,25974,51911,42899,0.14922506292224136
2023-08-29,9215,13130,55737,22345,46522,42607,0.07024059421927983
2023-08-30,11346,11817,56683,23163,45337,44866,0.008309369652276697
2023-08-31,6781,14695,54424,21476,47643,39729,0.14541378803469057
2023-09-01,9602,13330,53625,22932,44023,40295,0.06951981351981353
2023-09-04,17409,12385,60364,29794,42955,47979,-0.08322841428666092
2023-09-05,10105,13319,55827,23424,45722,42508,0.05757070951331793
2023-09-06,6454,13249,53715,19703,47261,40466,0.12650097738061994
2023-09-07,4764,16889,55715,21653,50951,38826,0.2176254150587813
2023-09-08,6856,15852,56861,22708,50005,41009,0.15821037266316104
2023-09-11,7056,24075,63210,31131,56154,39135,0.2692453725676317
2023-09-12,13266,16871,61633,30137,48367,44762,0.05849139259812114
2023-09-13,11670,15229,58389,26899,46719,43160,0.06095326174450667
2023-09-14,31351,14647,71732,45998,40381,57085,-0.23286678191044444
2023-09-15,24752,13047,67308,37799,42556,54261,-0.17390206216200155
2023-09-18,12543,18864,60957,31407,48414,42093,0.10369604803385993
2023-09-19,10948,23393,63172,34341,52224,39779,0.19700183625656936
2023-09-20,3363,18924,55439,22287,52076,36515,0.2806868810764985
2023-09-21,5567,31742,67945,37309,62378,36203,0.3852380601957466
2023-09-22,5453,24747,62543,30200,57090,37796,0.30849175767072257
2023-09-25,10728,17578,60489,28306,49761,42911,0.11324373026500686
2023-09-26,9365,23194,64415,32559,55050,41221,0.21468602033687806
2023-09-27,5615,20131,60470,25746,54855,40339,0.2400529188027121
2023-09-28,6904,19026,58277,25930,51373,39251,0.20800658922044718
2023-10-02,12794,15098,61593,27892,48799,46495,0.037406848180799764
2023-10-03,8622,21455,61512,30077,52890,40057,0.20862595916243984
2023-10-04,6993,24724,69230,31717,62237,44506,0.25611729019211327
2023-10-05,16768,18535,67005,35303,50237,48470,0.026371166330870832
2023-10-06,17437,17365,63480,34802,46043,46115,-0.0011342155009451795
2023-10-11,19876,13288,60155,33164,40279,46867,-0.10951708087440779
2023-10-12,20967,13941,62065,34908,41098,48124,-0.11320389913800048
2023-10-13,12489,14339,55296,26828,42807,40957,0.03345630787037037
2023-10-16,7706,18184,54340,25890,46634,36156,0.19282296650717703
2023-10-17,9661,19177,55627,28838,45966,36450,0.17106800654358495
2023-10-18,3890,18024,61287,21914,57397,43263,0.23061987044560836
2023-10-19,5429,17467,54841,22896,49412,37374,0.2195073029302894
2023-10-20,7191,20573,56884,27764,49693,36311,0.23525068560579424
2023-10-23,6098,27395,68976,33493,62878,41581,0.30875956854558106
2023-10-24,4654,19711,61820,24365,57166,42109,0.2435619540601747
2023-10-25,6230,15741,60750,21971,54520,45009,0.156559670781893
2023-10-26,7016,31208,77489,38224,70473,46281,0.312199150847217
2023-10-27,7358,18154,67064,25512,59706,48910,0.16098055588691398
2023-10-30,5926,16807,64644,22733,58718,47837,0.1683218860219046
2023-10-31,7816,30401,79364,38217,71548,48963,0.28457487021823497
2023-11-01,8341,21963,71662,30304,63321,49699,0.19008679634952974
2023-11-02,17157,13409,69472,30566,52315,56063,-0.053949792722247814
2023-11-03,19788,14656,68562,34444,48774,53906,-0.07485195881100318
2023-11-06,24597,15972,74284,40569,49687,58312,-0.11610844865650746
2023-11-07,28984,17476,78329,46460,49345,60853,-0.14691876571895465
2023-11-08,29863,15539,79089,45402,49226,63550,-0.18111241765605837
2023-11-09,30921,14912,76628,45833,45707,61716,-0.20891841102469072
2023-11-10,31887,15442,73994,47329,42107,58552,-0.22224774981755277
2023-11-13,20116,12217,62498,32333,42382,50281,-0.12638804441742135
2023-11-14,21038,10517,65563,31555,44525,55046,-0.16047160746152556
2023-11-15,12770,5866,54782,18636,42012,48916,-0.12602679712314263
2023-11-16,12971,7462,49681,20433,36710,42219,-0.11088746200760854
2023-11-17,14181,8844,54394,23025,40213,45550,-0.09811743942346582
2023-11-20,11152,9796,52029,20948,40877,42233,-0.0260623882834573
2023-11-21,18533,7818,61404,26351,42871,53586,-0.174500032571168
2023-11-22,10195,10669,52924,20864,42729,42255,0.008956239135363918
2023-11-23,10604,8518,50969,19122,40365,42451,-0.040926837881849754
2023-11-24,10406,9091,51623,19497,41217,42532,-0.02547314181663212
2023-11-27,9862,12715,55837,22577,45975,43122,0.05109515196016978
2023-11-28,19812,10980,61287,30792,41475,50307,-0.1441088648489892
2023-11-29,12285,12118,58518,24403,46233,46400,-0.0028538227553915035
2023-11-30,15044,11008,57863,26052,42819,46855,-0.06975096348270916
2023-12-01,15643,10113,59158,25756,43515,49045,-0.09347848135501538
2023-12-04,10989,12602,57351,23591,46362,44749,0.02812505448902373
2023-12-05,8203,16801,59649,25004,51446,42848,0.14414323794196046
2023-12-06,8631,14369,58585,23000,49954,44216,0.09794315951182044
2023-12-07,6853,16406,59855,23259,53002,43449,0.15960237239996658
2023-12-08,11566,14314,59864,25880,48298,45550,0.04590404917813711
2023-12-11,11623,15409,59523,27032,47900,44114,0.0636056650370445
2023-12-12,12121,16304,61372,28425,49251,45068,0.06815811770840123
2023-12-13,10302,13964,60099,24266,49797,46135,0.060932794222865606
2023-12-14,18071,12109,62960,30180,44889,50851,-0.09469504447268107
2023-12-15,16480,11600,61338,28080,44858,49738,-0.07955916397665395
2023-12-18,14618,15930,61824,30548,47206,45894,0.021221532091097308
2023-12-19,13194,21298,65649,34492,52455,44351,0.12344437843683834
2023-12-20,12366,4652,62058,17018,49692,57406,-0.12430307132037771
2023-12-21,9554,18352,56810,27906,47256,38458,0.1548671008625242
2023-12-22,8200,15317,54860,23517,46660,39543,0.12973022238425083
2023-12-25,9854,12560,55410,22414,45556,42850,0.048835950189496484
2023-12-26,14824,8032,58807,22856,43983,50775,-0.11549645450371554
2023-12-27,17790,4788,61639,22578,43849,56851,-0.2109378802381609
2023-12-28,14070,7031,58245,21101,44175,51214,-0.12085157524251008
2023-12-29,12330,8088,58407,20418,46077,50319,-0.07262828085674662
2024-01-02,10982,14725,60015,25707,49033,45290,0.06236774139798384
2024-01-03,10800,29454,75363,40254,64563,45909,0.24752199355121213
2024-01-04,12724,22371,69075,35095,56351,46704,0.13965979008324286
2024-01-05,12036,22490,69956,34526,57920,47466,0.1494367888386986
2024-01-08,12844,21188,66676,34032,53832,45488,0.1251424800527926
2024-01-09,13084,25814,71173,38898,58089,45359,0.1788599609402442
2024-01-10,13378,30437,74001,43815,60623,43564,0.2305239118390292
2024-01-11,15792,24060,70759,39852,54967,46699,0.11684732684181517
2024-01-12,11918,27888,67267,39806,55349,39379,0.23741210400344895
2024-01-15,16349,24143,67512,40492,51163,43369,0.11544614290792748
2024-01-16,15157,30493,69651,45650,54494,39158,0.22018348623853212
2024-01-17,3651,23300,73161,26951,69510,49861,0.2685720534164377
2024-01-18,6058,19868,56465,25926,50407,36597,0.24457628619498806
2024-01-19,22623,15155,65696,37778,43073,50541,-0.11367510959571359
2024-01-22,19018,17913,64428,36931,45410,46515,-0.01715092816787732
2024-01-23,24543,15957,66581,40500,42038,50624,-0.12895570808488907
2024-01-24,23921,13465,66362,37386,42441,52897,-0.15756004942587626
2024-01-25,25850,11588,64783,37438,38933,53195,-0.2201503480851458
2024-01-26,26544,11258,66224,37802,39680,54966,-0.23082266247885963
2024-01-29,34432,12618,73883,47050,39451,61265,-0.2952505989199139
2024-01-30,24093,12503,66223,36596,42130,53720,-0.1750147229814415
2024-01-31,16518,14295,62467,30813,45949,48172,-0.035586789825027616
2024-02-01,20073,14218,61095,34291,41022,46877,-0.09583435633030526
2024-02-02,21418,11456,63742,32874,42324,52286,-0.15628627906247058
2024-02-05,19129,9753,57423,28882,38294,47670,-0.16327952214269545
2024-02-15,28545,9608,60602,38153,32057,50994,-0.31248143625622915
2024-02-16,23796,11867,59308,35663,35512,47441,-0.20113644027787145
2024-02-19,26419,9426,61769,35845,35350,52343,-0.2751056355129596
2024-02-20,29141,8317,69163,37458,40022,60846,-0.30108584069516936
2024-02-21,9308,10359,58038,19667,48730,47679,0.01810882525242083
2024-02-22,10950,6717,51007,17667,40057,44290,-0.08298860940655205
2024-02-23,8960,9768,54446,18728,45486,44678,0.014840392315321603
2024-02-26,12868,6959,56967,19827,44099,50008,-0.10372671897765373
2024-02-27,9525,12497,54990,22022,45465,42493,0.05404619021640298
2024-02-29,12407,6845,58778,19252,46371,51933,-0.09462724148490932
2024-03-01,9925,8759,57764,18684,47839,49005,-0.020185582715878402
2024-03-04,23451,6491,68266,29942,44815,61775,-0.248439926171154
2024-03-05,19233,8278,66477,27511,47244,58199,-0.16479383847044843
2024-03-06,24698,7329,71391,32027,46693,64062,-0.24329397262960317
2024-03-07,20897,9295,67495,30192,46598,58200,-0.17189421438625083
2024-03-08,18800,16543,67194,35343,48394,50651,-0.03358930856921749
2024-03-11,17195,12284,60219,29479,43024,47935,-0.08155233398096946
2024-03-12,23350,9954,64665,33304,41315,54711,-0.20715997834995747
2024-03-13,18727,9664,62013,28391,43286,52349,-0.14614677567606793
2024-03-14,21156,11460,61955,32616,40799,50495,-0.15650068598176095
2024-03-15,16913,17058,62293,33971,45380,45235,0.0023277093734448496
2024-03-18,20258,12731,64512,32989,44254,51781,-0.11667596726190477
2024-03-19,17125,13204,59792,30329,42667,46588,-0.06557733476050308
2024-03-20,8906,9639,58094,18545,49188,48455,0.01261748201191173
2024-03-21,19522,8452,62789,27974,43267,54337,-0.17630476675850865
2024-03-22,8624,10056,53063,18680,44439,43007,0.026986789288204586
2024-03-25,10505,10654,55820,21159,45315,45166,0.002669294159799355
2024-03-26,10473,12238,54203,22711,43730,41965,0.03256277327823183
2024-03-27,13260,8895,57316,22155,44056,48421,-0.07615674506246074
2024-03-28,11123,13249,55700,24372,44577,42451,0.03816876122082585
2024-03-29,15227,11093,59642,26320,44415,48549,-0.06931357097347507
2024-04-01,15615,14554,63343,30169,47728,48789,-0.016750074988554377
2024-04-02,28198,12182,76120,40380,47922,63938,-0.21040462427745665
2024-04-03,17264,16310,61486,33574,44222,45176,-0.015515727157401685
2024-04-08,21963,12509,63446,34472,41483,50937,-0.1490086057434669
2024-04-09,31289,12042,76765,43331,45476,64723,-0.2507262424281899
2024-04-10,22695,14302,69948,36997,47253,55646,-0.1199891347858409
2024-04-11,18236,16590,62438,34826,44202,45848,-0.026362151254044012
2024-04-12,17288,15207,62048,32495,44760,46841,-0.033538550799381124
2024-04-15,14808,24468,68096,39276,53288,43628,0.14185855263157895
2024-04-16,14375,33461,66521,47836,52146,33060,0.28691691345590115
2024-04-17,11264,15896,57110,27160,45846,41214,0.08110663631588164
2024-04-18,12644,14655,51898,27299,39254,37243,0.038749084743150024
2024-04-19,5152,24082,55569,29234,50417,31487,0.3406575608702694
2024-04-22,8266,22718,54958,30984,46692,32240,0.26296444557662213
2024-04-23,13928,21058,57739,34986,43811,36681,0.1234867247441071
2024-04-24,18435,15687,62812,34122,44377,47125,-0.043749601986881485
2024-04-25,10821,23870,57524,34691,46703,33654,0.22684444753494193
2024-04-26,19676,17452,60660,37128,40984,43208,-0.03666336960105506
2024-04-29,25546,15733,66819,41279,41273,51086,-0.14685942621110762
2024-04-30,20369,16622,62065,36991,41696,45443,-0.060372190445500684
2024-05-02,16406,19921,60947,36327,44541,41026,0.05767306019984577
2024-05-03,17102,21122,62256,38224,45154,41134,0.06457208943716268
2024-05-06,22120,18848,64793,40968,42673,45945,-0.050499282329881316
2024-05-07,20625,18533,63237,39158,42612,44704,-0.03308189825576798
2024-05-08,26919,17850,69802,44769,42883,51952,-0.1299246439930088
2024-05-09,20419,20515,65395,40934,44976,44880,0.0014680021408364553
2024-05-10,30347,17574,71946,47921,41599,54372,-0.1775359297250716
2024-05-13,18594,14161,63763,32755,45169,49602,-0.06952307764691122
2024-05-14,23074,12554,70336,35628,47262,57782,-0.14956778889899908
2024-05-15,12935,7292,61991,20227,49056,54699,-0.09102934296914068
2024-05-16,10146,11328,52535,21474,42389,41207,0.02249928619015894
2024-05-17,8883,12233,52875,21116,43992,40642,0.06335697399527186
2024-05-20,8587,14908,55178,23495,46591,40270,0.11455652615172714
2024-05-21,8751,14479,54703,23230,45952,40224,0.10471089336965066
2024-05-22,16610,11028,62064,27638,45454,51036,-0.08993941737561227
2024-05-23,12217,11360,57337,23577,45120,45977,-0.014946718523815338
2024-05-24,11177,13129,58077,24306,46900,44948,0.0336105515092033
2024-05-27,14902,11976,60652,26878,45750,48676,-0.04824243223636483
2024-05-28,14645,12240,61411,26885,46766,49171,-0.03916236504860693
2024-05-29,5506,19025,63439,24531,57933,44414,0.21310235028925426
2024-05-30,5845,20336,60261,26181,54416,39925,0.24047061947196363
2024-05-31,6260,23101,64161,29361,57901,41060,0.2624803229376101
2024-06-03,15314,22060,66956,37374,51642,44896,0.1007527331381803
2024-06-04,9202,27637,67027,36839,57825,39390,0.27503841735420054
2024-06-05,11040,22603,64806,33643,53766,42203,0.1784248372064315
2024-06-06,18861,20274,71375,39135,52514,51101,0.019796847635726793
2024-06-07,15101,20752,66766,35853,51665,46014,0.08463888805679537
2024-06-11,12776,21210,63152,33986,50376,41942,0.13355079807448694
2024-06-12,26303,19746,73922,46049,47619,54176,-0.08870160439382051
2024-06-13,21607,20283,69245,41890,47638,48962,-0.01912051411654271
2024-06-14,23433,20943,73649,44376,50216,52706,-0.03380901302122229
2024-06-17,18896,22006,67438,40902,48542,45432,0.046116432871674724
2024-06-18,21974,20934,68854,42908,46880,47920,-0.0151044238533709
2024-06-19,17802,9347,58685,27149,40883,49338,-0.14407429496464172
2024-06-20,15818,15052,53577,30870,37759,38525,-0.01429717975997163
2024-06-21,16585,17872,58764,34457,42179,40892,0.02190116397794568
2024-06-24,14990,23381,67957,38371,52967,44576,0.12347513869064261
2024-06-25,16171,23392,68114,39563,51943,44722,0.10601344804298676
2024-06-26,14010,14630,63041,28640,49031,48411,0.009834869370726987
2024-06-27,13387,15364,63234,28751,49847,47870,0.031264825884808806
2024-06-28,16216,17312,66126,33528,49910,48814,0.01657441853431328
2024-07-01,17442,18829,66574,36271,49132,47745,0.020833959203292576
2024-07-02,16078,18582,66406,34660,50328,47824,0.03770743607505346
2024-07-03,25517,14856,73713,40373,48196,58857,-0.14462849158221752
2024-07-04,26235,15487,72166,41722,45931,56679,-0.14893440124158192
2024-07-05,21862,17031,70402,38893,48540,53371,-0.06862020965313485
2024-07-08,29851,17576,76264,47427,46413,58688,-0.16095405433756424
2024-07-09,23502,19793,70967,43295,47465,51174,-0.05226372821170403
2024-07-10,29531,17779,76701,47310,47170,58922,-0.15321834135148174
2024-07-11,29135,18098,77052,47233,47917,58954,-0.14324092820432954
2024-07-12,21929,19786,74446,41715,52517,54660,-0.028785965666389062
2024-07-15,23993,16852,72723,40845,48730,55871,-0.09819451892798702
2024-07-16,25937,15613,72767,41550,46830,57154,-0.14187749941594405
2024-07-17,5482,25013,69281,30495,63799,44268,0.28190990314804926
2024-07-18,5146,27647,63949,32793,58803,36302,0.35185851225195075
2024-07-19,4853,24918,63746,29771,58893,38828,0.31476484799046217
2024-07-22,7682,30309,71076,37991,63394,40767,0.3183493725026732
2024-07-23,10969,25171,63706,36140,52737,38535,0.22293033623206604
2024-07-26,5460,27900,63059,33360,57599,35159,0.3558572130861574
2024-07-29,6340,27093,61443,33433,55103,34350,0.3377602005110428
2024-07-30,5564,28694,61357,34258,55793,32663,0.37697410238440604
2024-07-31,6642,28324,63596,34966,56954,35272,0.34093339203723505
2024-08-01,6761,30784,63984,37545,57223,33200,0.3754532383095774
2024-08-02,9496,35839,78260,45335,68764,42421,0.33660874009711217
2024-08-05,16803,30499,64047,47302,47244,33548,0.21384295907692788
2024-08-06,20424,27490,53314,47914,32890,25824,0.13253554413474886
2024-08-07,11229,28578,55344,39807,44115,26766,0.31347571552471815
2024-08-08,9748,31581,54001,41329,44253,22420,0.4043073276420807
2024-08-09,13988,29340,57755,43328,43767,28415,0.26581248376763916
2024-08-12,12204,32847,60104,45051,47900,27257,0.3434546785571676
2024-08-13,12701,32648,60222,45349,47521,27574,0.33122446946298695
2024-08-14,11190,30448,61057,41638,49867,30609,0.3154101904777503
2024-08-15,11166,34661,63293,45827,52127,28632,0.37121008642345915
2024-08-16,12499,33888,66647,46387,54148,32759,0.3209296742539049
2024-08-19,9476,36087,66175,45563,56699,30088,0.40213071401586703
2024-08-20,7254,33605,63989,40859,56735,30384,0.4118051540108456
2024-08-21,3447,15790,48984,19237,45537,33194,0.2519802384452066
2024-08-22,4426,19033,44781,23459,40355,25748,0.32618744556843304
2024-08-23,5059,16355,44643,21414,39584,28288,0.253029590305311
2024-08-26,7062,17420,48858,24482,41796,31438,0.2120021286176266
2024-08-27,5983,19568,49891,25551,43908,30323,0.2722936000481049
2024-08-28,6257,13742,49854,19999,43597,36112,0.15013840414008905
2024-08-29,3322,19699,48690,23021,45368,28991,0.3363524337646334
2024-08-30,3778,16114,47454,19892,43676,31340,0.2599570110001264
2024-09-02,4664,18982,51050,23646,46386,32068,0.28047012732615084
2024-09-03,4828,17332,51727,22160,46899,34395,0.24173062423879213
2024-09-04,7557,14853,50197,22410,42640,35344,0.1453473315138355
2024-09-05,8653,13666,45628,22319,36975,31962,0.10986674848777067
2024-09-06,6256,13965,43101,20221,36845,29136,0.17885895918888192
2024-09-09,8692,15681,46113,24373,37421,30432,0.15156246611584587
2024-09-10,10562,16813,46424,27375,35862,29611,0.13465018094089265
2024-09-11,8923,15360,45982,24283,37059,30622,0.13998956113261712
2024-09-12,14100,16422,51939,30522,37839,35517,0.04470629007104488
2024-09-13,13512,17001,49454,30513,35942,32453,0.07055041048246856
2024-09-16,12313,16056,48543,28369,36230,32487,0.07710689491790783
2024-09-18,3985,11930,43769,15915,39784,31839,0.1815211679499189
2024-09-19,7013,12200,41430,19213,34417,29230,0.12519913106444605
2024-09-20,6283,11109,42320,17392,36037,31211,0.1140359168241966
2024-09-23,7857,15046,47334,22903,39477,32288,0.1518781425613724
2024-09-24,9738,10227,46110,19965,36372,35883,0.010605074821080026
2024-09-25,10994,11749,49505,22743,38511,37756,0.015250984749015251
2024-09-26,10069,13368,50987,23437,40918,37619,0.06470276737207524
2024-09-27,9002,15447,50633,24449,41631,35186,0.12728852724507733
2024-09-30,8327,15250,51543,23577,43216,36293,0.13431503792949576
2024-10-01,8932,13729,51609,22661,42677,37880,0.09294890426088473
2024-10-04,11297,12958,50645,24255,39348,37687,0.03279691973541317
2024-10-07,12477,15562,56714,28039,44237,41152,0.05439574002891702
2024-10-08,12122,15677,54890,27799,42768,39213,0.06476589542721807
2024-10-09,10834,13220,53400,24054,42566,40180,0.044681647940074905
2024-10-11,14357,13811,56429,28168,42072,42618,-0.009675875879423701
2024-10-14,17430,14208,56855,31638,39425,42647,-0.0566704775305602
2024-10-15,16014,13783,56364,29797,40350,42581,-0.039582002696756796
2024-10-16,4921,15292,51011,20213,46090,35719,0.2033090901962322
2024-10-17,5245,16484,42080,21729,36835,25596,0.2670865019011407
2024-10-18,7341,15694,44263,23035,36922,28569,0.1887129204979328
2024-10-21,6529,20811,49907,27340,43378,29096,0.2861722804416214
2024-10-22,7653,16561,50351,24214,42698,33790,0.17691803539155132
2024-10-23,5322,19863,53392,25185,48070,33529,0.2723441714114474
2024-10-24,7222,20344,53164,27566,45942,32820,0.24682115717402753
2024-10-25,9571,19104,54986,28675,45415,35882,0.1733714036300149
2024-10-28,8566,18292,56849,26858,48283,38557,0.17108480360252598
2024-10-29,8126,18203,57488,26329,49362,39285,0.17528875591427776
2024-10-30,11633,17212,58398,28845,46765,41186,0.09553409363334361
2024-11-01,10769,15860,54655,26629,43886,38795,0.09314792791144452
2024-11-04,13539,15208,57725,28747,44186,42517,0.02891294932871373
2024-11-05,11537,14859,56138,26396,44601,41279,0.05917560297837472
2024-11-06,10175,15146,56285,25321,46110,41139,0.08831837967486897
2024-11-07,12229,15059,58044,27288,45815,42985,0.04875611604989318
2024-11-08,11771,14196,54356,25967,42585,40160,0.04461329016115976
